time_unity	object	position	
3.968345	Wall_Front	(2.11, 1.96, -14.46)	
3.985245	Wall_Left	(10.74, 0.69, -6.04)	
4.001265	Floor	(2.72, -0.36, -2.95)	
4.017993	Female02	(0.34, 0.58, -0.87)	
4.03383	Wall_Front	(8.25, 4.29, -14.46)	
4.049881	Wall_Front	(8.46, 3.47, -14.46)	
4.064808	Female02	(0.59, 1.22, -0.82)	
4.079758	Female02	(0.54, 1.00, -0.80)	
4.095111	Male01	(1.54, 0.85, -1.80)	
4.109744	Male01	(1.58, 0.76, -1.81)	
4.125749	Male01	(1.58, 0.79, -1.81)	
4.140971	Floor	(5.48, -0.36, -5.58)	
4.159147	Floor	(5.24, -0.36, -5.34)	
4.175524	Floor	(5.05, -0.36, -5.39)	
4.19135	Female02	(0.52, 0.84, -0.80)	
4.20659	Floor	(1.96, -0.36, -3.36)	
4.222185	Floor	(1.83, -0.36, -3.21)	
4.237156	MixamoFemale01	(0.30, 0.37, -1.95)	
4.253543	Female03	(-0.41, 0.81, -0.82)	
4.269823	Female03	(-0.40, 0.79, -0.82)	
4.285089	MixamoFemale01	(0.33, 0.43, -1.88)	
4.300683	MixamoFemale01	(0.45, 0.39, -1.80)	
4.316827	Floor	(1.84, -0.36, -3.20)	
4.331814	Floor	(1.87, -0.36, -3.35)	
4.348005	Female03	(-0.38, 0.84, -0.84)	
4.36579	Floor	(1.77, -0.36, -3.08)	
4.380518	Floor	(1.87, -0.36, -3.33)	
4.395374	Female03	(-0.39, 0.81, -0.83)	
4.410335	Female03	(-0.42, 0.83, -0.82)	
4.426573	Female03	(-0.45, 0.85, -0.81)	
4.442815	Female03	(-0.43, 0.87, -0.81)	
4.45818	MixamoFemale01	(0.29, 0.45, -2.01)	
4.473725	MixamoFemale01	(0.34, 0.50, -1.86)	
4.489499	Floor	(2.26, -0.36, -4.07)	
4.505398	MixamoFemale01	(0.34, 0.58, -1.87)	
4.519821	Female03	(-0.48, 0.96, -0.80)	
4.535302	Female03	(-0.52, 0.98, -0.80)	
4.549684	Female03	(-0.57, 1.00, -0.81)	
4.566582	Female03	(-0.60, 1.01, -0.83)	
4.582628	Female03	(-0.62, 1.01, -0.84)	
4.597083	Male01	(-0.55, 0.85, -1.81)	
4.611775	Male01	(-0.54, 0.87, -1.80)	
4.626929	Male01	(-0.60, 0.86, -1.83)	
4.641113	Male01	(-0.64, 0.86, -1.86)	
4.656017	Male01	(-0.60, 0.85, -1.83)	
4.669686	Male01	(-0.61, 0.83, -1.83)	
4.682931	Female03	(-0.62, 0.98, -0.84)	
4.700899	Female03	(-0.62, 0.98, -0.84)	
4.715443	Female03	(-0.63, 0.99, -0.85)	
4.73091	Female03	(-0.70, 1.00, -1.02)	
4.745989	Female03	(-0.69, 0.97, -1.06)	
4.76062	Male01	(-0.40, 0.82, -1.83)	
4.774423	Male01	(-0.40, 0.83, -1.83)	
4.787769	Female03	(-0.69, 1.02, -0.94)	
4.800793	Female03	(-0.69, 1.01, -0.93)	
4.814885	Female03	(-0.69, 1.05, -0.94)	
4.829674	Female03	(-0.70, 1.04, -1.03)	
4.845788	Male01	(-0.46, 0.92, -1.80)	
4.861988	Male01	(-0.54, 0.91, -1.80)	
4.877316	Male01	(-0.52, 0.91, -1.80)	
4.892565	Female03	(-0.66, 0.84, -0.89)	
4.906622	Female03	(-0.63, 0.78, -0.85)	
4.920379	Female03	(-0.62, 0.75, -0.84)	
4.934959	Female03	(-0.60, 0.73, -0.83)	
4.950581	Female03	(-0.56, 0.70, -0.81)	
4.966451	Female03	(-0.50, 0.66, -0.80)	
4.982649	Female03	(-0.51, 0.69, -0.80)	
4.996571	Female03	(-0.50, 0.69, -0.80)	
5.008826	Female03	(-0.46, 0.67, -0.80)	
5.023763	Floor	(1.00, -0.36, -3.32)	
5.038344	Floor	(0.97, -0.36, -3.11)	
5.051555	Floor	(0.94, -0.36, -3.19)	
5.066792	Floor	(0.98, -0.36, -3.23)	
5.080999	Floor	(0.94, -0.36, -3.19)	
5.094907	Floor	(0.95, -0.36, -3.21)	
5.109262	Female03	(-0.34, 0.57, -0.88)	
5.122804	Floor	(0.97, -0.36, -2.88)	
5.138278	Floor	(1.17, -0.36, -2.61)	
5.153535	Floor	(1.28, -0.36, -2.64)	
5.166508	Floor	(1.28, -0.36, -2.61)	
5.183438	Floor	(1.34, -0.36, -2.80)	
5.197292	Floor	(1.30, -0.36, -2.71)	
5.211411	Floor	(1.30, -0.36, -2.69)	
5.226545	Floor	(1.41, -0.36, -2.64)	
5.241954	Floor	(1.44, -0.36, -2.64)	
5.322925	Female02	(0.47, 1.21, -0.80)	
5.337679	Female02	(0.49, 1.33, -0.80)	
5.352589	Female02	(0.44, 1.35, -0.81)	
5.365228	Female02	(0.45, 1.36, -0.81)	
5.380723	Female02	(0.40, 1.34, -0.82)	
5.397307	Female02	(0.32, 1.35, -0.92)	
5.412397	Female02	(0.38, 1.34, -0.84)	
5.426953	Female02	(0.45, 1.28, -0.81)	
5.439659	Female02	(0.44, 1.30, -0.81)	
5.455462	Female02	(0.37, 1.33, -0.85)	
5.469953	Female02	(0.31, 1.31, -0.93)	
5.483336	Wall_Front	(10.01, -0.16, -14.46)	
5.497826	Wall_Front	(9.99, -0.08, -14.46)	
5.512444	Wall_Front	(10.03, -0.13, -14.46)	
5.525965	Wall_Front	(9.72, -0.08, -14.46)	
5.540286	MixamoFemale01	(0.64, 1.27, -1.84)	
5.55494	MixamoFemale01	(0.51, 1.27, -1.79)	
5.569609	MixamoFemale01	(0.57, 1.31, -1.80)	
5.58344	MixamoFemale01	(0.59, 1.31, -1.81)	
5.60048	MixamoFemale01	(0.55, 1.34, -1.80)	
5.6145	Wall_Front	(9.36, 0.09, -14.46)	
5.630621	Wall_Front	(9.32, 1.39, -14.46)	
5.645957	Wall_Front	(9.60, 2.64, -14.46)	
5.661754	Wall_Front	(9.94, 2.72, -14.46)	
5.677269	Wall_Front	(9.76, 2.73, -14.46)	
5.6932	Female02	(0.47, 1.78, -0.80)	
5.707236	Female02	(0.34, 1.77, -0.88)	
5.723021	Female02	(0.33, 1.78, -0.89)	
5.738926	Wall_Front	(9.65, 2.61, -14.46)	
5.754261	Wall_Front	(9.33, 2.67, -14.46)	
5.769854	Wall_Front	(9.75, 2.83, -14.46)	
5.786086	Wall_Front	(10.30, 2.90, -14.46)	
5.803682	Female02	(0.48, 1.80, -0.80)	
5.819883	Female02	(0.47, 1.81, -0.80)	
5.835274	Female02	(0.36, 1.80, -0.86)	
5.850093	Female02	(0.31, 1.80, -0.94)	
5.864585	Wall_Front	(9.73, 2.75, -14.46)	
5.878332	Wall_Front	(9.32, 2.53, -14.46)	
5.892076	Female02	(0.38, 1.77, -0.84)	
5.908751	Female02	(0.40, 1.73, -0.83)	
5.923393	Female02	(0.38, 1.63, -0.84)	
6.0356	Female03	(-0.62, 1.01, -0.84)	
6.049887	Female03	(-0.60, 1.02, -0.83)	
6.063797	Female03	(-0.50, 0.97, -0.80)	
6.077385	Female03	(-0.46, 0.97, -0.80)	
6.091178	Female03	(-0.47, 0.96, -0.80)	
6.104713	Female03	(-0.51, 1.00, -0.80)	
6.118028	Female03	(-0.55, 0.99, -0.81)	
6.13207	Female03	(-0.55, 0.98, -0.81)	
6.14528	Female03	(-0.56, 0.99, -0.81)	
6.157351	Female03	(-0.57, 0.96, -0.81)	
6.170984	Female03	(-0.57, 0.96, -0.81)	
6.184777	Female03	(-0.59, 0.95, -0.82)	
6.197856	Female03	(-0.59, 0.94, -0.82)	
6.215462	Female03	(-0.58, 0.95, -0.82)	
6.230541	Female03	(-0.59, 0.95, -0.82)	
6.243678	Female03	(-0.59, 0.94, -0.82)	
6.257426	Female03	(-0.61, 0.95, -0.83)	
6.271782	Female03	(-0.62, 0.93, -0.84)	
6.285973	Female03	(-0.58, 0.66, -0.82)	
6.301768	Female03	(-0.47, 0.49, -0.80)	
6.31611	Female03	(-0.49, 0.51, -0.80)	
6.32915	Female03	(-0.49, 0.48, -0.80)	
6.343741	Female03	(-0.57, 0.52, -0.81)	
6.35645	Female03	(-0.55, 0.48, -0.81)	
6.370073	Female03	(-0.54, 0.48, -0.80)	
6.382666	Female03	(-0.56, 0.49, -0.81)	
6.396079	Female03	(-0.58, 0.51, -0.82)	
6.409014	Female03	(-0.56, 0.52, -0.81)	
6.424728	Female03	(-0.52, 0.50, -0.80)	
6.438033	Female03	(-0.51, 0.50, -0.80)	
6.451672	Female03	(-0.48, 0.48, -0.80)	
6.46676	Female03	(-0.46, 0.48, -0.80)	
6.481051	Female03	(-0.48, 0.49, -0.80)	
6.49454	Female03	(-0.50, 0.50, -0.80)	
6.508748	Female03	(-0.51, 0.50, -0.80)	
6.521794	Female03	(-0.53, 0.51, -0.80)	
6.53537	Female03	(-0.46, 0.47, -0.80)	
6.549957	Female03	(-0.43, 0.44, -0.81)	
6.561895	Female03	(-0.47, 0.44, -0.80)	
6.574814	Female03	(-0.48, 0.47, -0.80)	
6.588261	Female03	(-0.49, 0.45, -0.80)	
6.601283	Female03	(-0.51, 0.43, -0.80)	
6.614833	Female03	(-0.43, 0.38, -0.81)	
6.627497	Floor	(0.89, -0.36, -2.25)	
6.642414	Floor	(1.16, -0.36, -2.20)	
6.657306	Floor	(1.15, -0.36, -2.22)	
6.672098	Floor	(1.19, -0.36, -2.29)	
6.683654	Floor	(1.24, -0.36, -2.37)	
6.695746	Floor	(1.22, -0.36, -2.29)	
6.708776	Floor	(1.28, -0.36, -2.38)	
6.721886	Floor	(1.27, -0.36, -2.43)	
6.735557	Floor	(1.28, -0.36, -2.48)	
6.749014	Floor	(1.28, -0.36, -2.43)	
6.761251	Female02	(0.32, 0.30, -0.99)	
6.775686	Female02	(0.34, 0.26, -1.00)	
6.791021	Female02	(0.35, 0.24, -1.00)	
6.80534	Female02	(0.33, 0.28, -0.94)	
6.818385	Female02	(0.34, 0.25, -0.99)	
6.834285	Floor	(1.16, -0.36, -2.13)	
6.84785	Floor	(1.15, -0.36, -2.12)	
6.861133	Floor	(1.12, -0.36, -2.27)	
6.874115	Floor	(1.10, -0.36, -2.26)	
6.88886	Floor	(1.12, -0.36, -2.35)	
6.901837	Floor	(1.09, -0.36, -2.31)	
6.915886	Floor	(1.05, -0.36, -2.23)	
6.93096	Floor	(1.08, -0.36, -2.34)	
6.943473	Floor	(1.10, -0.36, -2.30)	
6.958526	Floor	(1.18, -0.36, -2.42)	
6.972375	Floor	(1.09, -0.36, -2.31)	
6.986258	Floor	(0.72, -0.36, -2.36)	
7.002328	Female03	(-0.47, 0.41, -0.80)	
7.015762	Female03	(-0.54, 0.38, -0.80)	
7.029383	Female03	(-0.59, 0.45, -0.82)	
7.048305	Female03	(-0.61, 0.43, -0.83)	
7.063045	Female03	(-0.55, 0.36, -0.81)	
7.077443	Female03	(-0.54, 0.34, -0.81)	
7.089508	Female03	(-0.59, 0.34, -0.83)	
7.105087	Female03	(-0.58, 0.35, -0.82)	
7.121128	Female03	(-0.58, 0.37, -0.82)	
7.135845	Female03	(-0.56, 0.39, -0.81)	
7.150359	Female03	(-0.54, 0.41, -0.81)	
7.163289	Female03	(-0.53, 0.41, -0.80)	
7.176429	Female03	(-0.49, 0.38, -0.80)	
7.189692	Female03	(-0.50, 0.41, -0.80)	
7.204139	Female03	(-0.51, 0.39, -0.80)	
7.219073	Female03	(-0.55, 0.41, -0.81)	
7.233902	Female03	(-0.61, 0.42, -0.84)	
7.249385	Female03	(-0.63, 0.42, -0.85)	
7.261974	Female03	(-0.66, 0.42, -0.88)	
7.274981	Female03	(-0.65, 0.41, -0.87)	
7.288682	Female03	(-0.65, 0.41, -0.87)	
7.302287	Female03	(-0.63, 0.39, -0.85)	
7.316043	Female03	(-0.62, 0.37, -0.84)	
7.329536	Female03	(-0.58, 0.39, -0.82)	
7.342487	Female03	(-0.60, 0.39, -0.83)	
7.355587	Female03	(-0.60, 0.41, -0.83)	
7.370789	Female03	(-0.60, 0.41, -0.83)	
7.386494	Female03	(-0.56, 0.42, -0.81)	
7.400753	Female03	(-0.53, 0.41, -0.80)	
7.415304	Female03	(-0.50, 0.38, -0.80)	
7.430926	Female03	(-0.50, 0.38, -0.80)	
7.445198	Female03	(-0.52, 0.40, -0.80)	
7.461573	Floor	(0.40, -0.36, -2.42)	
7.475684	Floor	(0.89, -0.36, -2.48)	
7.48772	Floor	(1.12, -0.36, -2.55)	
7.502402	Floor	(1.19, -0.36, -2.47)	
7.517935	Floor	(1.14, -0.36, -2.50)	
7.53025	Floor	(1.14, -0.36, -2.64)	
7.545535	Floor	(1.05, -0.36, -2.51)	
7.561153	Floor	(1.17, -0.36, -2.51)	
7.574264	Female02	(0.31, 0.31, -1.03)	
7.588529	Female02	(0.31, 0.33, -0.97)	
7.603118	Female02	(0.32, 0.40, -0.92)	
7.61693	Female02	(0.31, 0.37, -0.94)	
7.630357	Female02	(0.31, 0.37, -0.93)	
7.645076	Female02	(0.32, 0.35, -0.92)	
7.658187	Female02	(0.32, 0.32, -0.94)	
7.673596	Female02	(0.32, 0.32, -0.94)	
7.688258	Female02	(0.32, 0.31, -0.96)	
7.704044	Female02	(0.33, 0.27, -1.01)	
7.719386	Floor	(1.17, -0.36, -2.53)	
7.73144	Floor	(1.11, -0.36, -2.51)	
7.74382	Floor	(1.08, -0.36, -2.53)	
7.755406	Floor	(1.07, -0.36, -2.55)	
7.769833	Floor	(1.05, -0.36, -2.60)	
7.785178	Floor	(0.99, -0.36, -2.57)	
7.798149	Floor	(1.03, -0.36, -3.17)	
7.811811	Floor	(1.05, -0.36, -3.67)	
7.82454	Floor	(0.94, -0.36, -3.41)	
7.837894	MixamoFemale01	(0.42, 0.20, -1.85)	
7.851025	MixamoFemale01	(0.43, 0.20, -1.84)	
7.864848	MixamoFemale01	(0.42, 0.21, -1.84)	
7.881795	MixamoFemale01	(0.38, 0.25, -1.85)	
7.896927	MixamoFemale01	(0.31, 0.24, -1.94)	
7.911389	MixamoFemale01	(0.32, 0.26, -1.91)	
7.924439	MixamoFemale01	(0.35, 0.26, -1.86)	
7.938339	MixamoFemale01	(0.37, 0.24, -1.85)	
7.954292	MixamoFemale01	(0.37, 0.25, -1.85)	
7.967908	MixamoFemale01	(0.33, 0.23, -1.90)	
7.980782	MixamoFemale01	(0.32, 0.23, -1.94)	
7.994012	MixamoFemale01	(0.36, 0.25, -1.86)	
8.008317	MixamoFemale01	(0.36, 0.24, -1.86)	
8.021369	MixamoFemale01	(0.37, 0.29, -1.84)	
8.034235	MixamoFemale01	(0.36, 0.29, -1.84)	
8.048549	MixamoFemale01	(0.38, 0.27, -1.83)	
8.06402	MixamoFemale01	(0.44, 0.26, -1.81)	
8.077886	MixamoFemale01	(0.40, 0.26, -1.83)	
8.094389	MixamoFemale01	(0.33, 0.29, -1.89)	
8.107536	MixamoFemale01	(0.31, 0.33, -1.91)	
8.123394	MixamoFemale01	(0.31, 0.32, -1.92)	
8.135262	MixamoFemale01	(0.32, 0.31, -1.89)	
8.147802	Floor	(0.82, -0.36, -3.64)	
8.15976	Female03	(-0.36, 0.49, -0.86)	
8.173547	Floor	(0.46, -0.36, -3.19)	
8.187512	Female03	(-0.32, 0.44, -0.90)	
8.205948	Female03	(-0.32, 0.46, -0.92)	
8.218674	Female03	(-0.35, 0.47, -0.87)	
8.232488	Female03	(-0.35, 0.47, -0.87)	
8.246647	Female03	(-0.43, 0.54, -0.81)	
8.260557	Female03	(-0.47, 0.51, -0.80)	
8.276225	Female03	(-0.47, 0.54, -0.80)	
8.289437	Female03	(-0.46, 0.53, -0.80)	
8.305456	Female03	(-0.42, 0.51, -0.81)	
8.319153	Female03	(-0.37, 0.48, -0.85)	
8.333754	Female03	(-0.39, 0.49, -0.83)	
8.349133	Female03	(-0.35, 0.46, -0.86)	
8.364014	Female03	(-0.37, 0.49, -0.85)	
8.378664	MixamoFemale01	(0.31, 0.31, -1.91)	
8.393903	MixamoFemale01	(0.41, 0.34, -1.81)	
8.409395	MixamoFemale01	(0.37, 0.35, -1.84)	
8.422711	MixamoFemale01	(0.35, 0.34, -1.86)	
8.437117	MixamoFemale01	(0.36, 0.33, -1.85)	
8.452173	MixamoFemale01	(0.41, 0.32, -1.81)	
8.467228	MixamoFemale01	(0.41, 0.31, -1.81)	
8.481245	MixamoFemale01	(0.38, 0.26, -1.84)	
8.496689	MixamoFemale01	(0.36, 0.26, -1.86)	
8.510841	MixamoFemale01	(0.41, 0.27, -1.82)	
8.52557	MixamoFemale01	(0.42, 0.22, -1.83)	
8.54182	MixamoFemale01	(0.43, 0.23, -1.82)	
8.557419	MixamoFemale01	(0.40, 0.26, -1.82)	
8.571364	MixamoFemale01	(0.36, 0.28, -1.85)	
8.585188	MixamoFemale01	(0.34, 0.28, -1.87)	
8.600954	MixamoFemale01	(0.41, 0.26, -1.82)	
8.615632	MixamoFemale01	(0.44, 0.26, -1.81)	
8.629999	MixamoFemale01	(0.46, 0.20, -1.83)	
8.644284	MixamoFemale01	(0.47, 0.22, -1.82)	
8.659892	MixamoFemale01	(0.47, 0.17, -1.85)	
8.673027	MixamoFemale01	(0.46, 0.20, -1.83)	
8.687574	MixamoFemale01	(0.38, 0.22, -1.86)	
8.700582	MixamoFemale01	(0.34, 0.21, -1.91)	
8.717876	MixamoFemale01	(0.36, 0.22, -1.88)	
8.733661	MixamoFemale01	(0.43, 0.19, -1.85)	
8.748856	MixamoFemale01	(0.45, 0.16, -1.87)	
8.76259	Floor	(0.99, -0.36, -3.10)	
8.775679	Floor	(0.97, -0.36, -3.06)	
8.789988	Floor	(0.83, -0.36, -2.99)	
8.805149	Female02	(0.35, 0.28, -0.91)	
9.937477	Floor	(-0.95, -0.36, 0.14)	
9.950621	Floor	(-1.29, -0.36, 0.06)	
9.967736	Female03	(-0.49, 0.84, -0.80)	
9.981536	Floor	(-0.36, -0.36, -1.75)	
10.00706	Female03	(-0.42, 0.93, -0.82)	
10.02193	Female03	(-0.42, 0.93, -0.81)	
10.03401	Floor	(-0.51, -0.36, 0.28)	
10.0481	Female03	(-0.55, 0.93, -0.81)	
10.06243	Female03	(-0.57, 0.92, -0.81)	
10.07727	Floor	(-0.40, -0.36, -1.87)	
10.08919	Female03	(-0.47, 0.43, -0.80)	
10.10365	Female03	(-0.35, 0.72, -0.87)	
10.11934	Female03	(-0.65, 1.76, -0.86)	
10.13077	SmallSquare(Clone)	(2.10, 3.46, -11.93)	
10.14425	SmallSquare(Clone)	(2.21, 3.57, -11.93)	
10.15954	Floor	(0.01, -0.36, -2.25)	
10.17672	SmallSquare(Clone)	(0.73, 3.60, -11.93)	
10.19048	Floor	(-0.98, -0.36, -1.67)	
10.20398	Female03	(-0.44, 0.57, -0.81)	
10.21757	Floor	(1.33, -0.36, -8.34)	
10.2335	Female03	(-0.37, 1.83, -0.85)	
10.24589	Wall_Front	(2.83, 2.80, -14.46)	
10.25907	SmallSquare(Clone)	(2.20, 3.44, -11.93)	
10.27533	SmallSquare(Clone)	(2.19, 3.91, -11.93)	
10.28776	SmallSquare(Clone)	(2.45, 4.61, -11.93)	
10.30108	SmallSquare(Clone)	(2.34, 4.95, -11.93)	
10.31693	SmallSquare(Clone)	(2.36, 4.81, -11.93)	
10.3291	SmallSquare(Clone)	(2.38, 4.83, -11.93)	
10.34294	SmallSquare(Clone)	(2.33, 4.78, -11.93)	
10.3577	SmallSquare(Clone)	(2.35, 4.66, -11.93)	
10.37042	SmallSquare(Clone)	(2.28, 4.71, -11.93)	
10.38873	SmallSquare(Clone)	(2.33, 4.71, -11.93)	
10.40212	SmallSquare(Clone)	(1.82, 4.54, -11.93)	
10.41767	SmallSquare(Clone)	(0.73, 4.29, -11.93)	
10.43413	SmallSquare(Clone)	(0.72, 4.37, -11.93)	
10.45097	SmallSquare(Clone)	(0.66, 4.40, -11.93)	
10.46625	SmallSquare(Clone)	(0.84, 4.23, -11.93)	
10.47877	SmallSquare(Clone)	(0.74, 4.21, -11.93)	
10.49237	SmallSquare(Clone)	(0.70, 4.24, -11.93)	
10.50792	SmallSquare(Clone)	(1.09, 4.30, -11.93)	
10.52147	SmallSquare(Clone)	(2.07, 4.53, -11.93)	
10.53676	SmallSquare(Clone)	(0.92, 4.20, -11.93)	
10.5509	SmallSquare(Clone)	(0.81, 3.66, -11.93)	
10.56341	Female03	(-0.48, 1.89, -0.82)	
10.57711	Female03	(-0.49, 1.44, -0.80)	
10.59057	Female03	(-0.51, 1.23, -0.80)	
10.60322	Female03	(-0.52, 0.89, -0.80)	
10.61733	Female03	(-0.58, 0.67, -0.82)	
10.63134	Female03	(-0.54, 0.69, -0.80)	
10.64335	Female03	(-0.53, 0.65, -0.80)	
10.65561	Female03	(-0.55, 0.65, -0.81)	
10.66847	Female03	(-0.44, 0.66, -0.81)	
10.68321	Female03	(-0.35, 0.63, -0.87)	
10.6974	Female03	(-0.32, 0.60, -0.92)	
10.71357	Female03	(-0.31, 0.62, -0.93)	
10.72699	Female03	(-0.31, 0.60, -0.94)	
10.73911	Floor	(0.42, -0.36, -4.28)	
10.75227	Floor	(0.41, -0.36, -4.28)	
10.76631	Floor	(0.48, -0.36, -4.46)	
10.778	Floor	(0.44, -0.36, -4.34)	
10.79155	Floor	(0.46, -0.36, -4.44)	
10.80368	Floor	(0.44, -0.36, -4.73)	
10.81581	Female03	(-0.42, 0.74, -0.82)	
10.82871	Female03	(-0.40, 0.69, -0.83)	
10.84075	Floor	(0.53, -0.36, -4.76)	
10.85338	Floor	(0.58, -0.36, -4.97)	
10.86532	Female03	(-0.40, 0.72, -0.83)	
10.87737	Female03	(-0.48, 0.75, -0.80)	
10.88972	Floor	(0.91, -0.36, -4.61)	
10.90319	Female03	(-0.36, 1.72, -0.86)	
10.91504	MixamoFemale01	(0.43, 1.44, -1.80)	
10.92722	Female03	(-0.41, 0.49, -0.82)	
10.93887	Female03	(-0.39, 0.48, -0.83)	
10.95174	Female03	(-0.45, 0.46, -0.81)	
10.96487	Female03	(-0.45, 0.42, -0.81)	
10.97753	Floor	(-0.12, -0.36, -2.51)	
10.98943	Female03	(-0.38, 0.31, -0.86)	
11.00418	Female03	(-0.58, 0.34, -0.82)	
11.01842	Female03	(-0.60, 0.37, -0.83)	
11.03024	Female03	(-0.59, 0.37, -0.82)	
11.04157	Floor	(0.16, -0.36, -2.49)	
11.05628	Floor	(0.24, -0.36, -2.49)	
11.06865	Floor	(0.23, -0.36, -2.38)	
11.08025	Floor	(0.28, -0.36, -2.51)	
11.09152	Floor	(0.24, -0.36, -2.62)	
11.10353	Floor	(0.08, -0.36, -2.61)	
11.11648	Female03	(-0.35, 0.33, -0.89)	
11.13049	Female03	(-0.36, 0.36, -0.86)	
11.14297	Female03	(-0.37, 0.36, -0.85)	
11.15656	Female03	(-0.34, 0.35, -0.89)	
11.16855	Floor	(0.03, -0.36, -2.76)	
11.18043	Floor	(0.10, -0.36, -2.80)	
11.1918	Floor	(0.46, -0.36, -2.91)	
11.20479	Floor	(0.70, -0.36, -2.99)	
11.21868	Floor	(0.98, -0.36, -3.20)	
11.23085	Floor	(0.82, -0.36, -3.06)	
11.2425	Floor	(0.81, -0.36, -3.18)	
11.25627	Floor	(0.80, -0.36, -3.10)	
11.26994	Floor	(0.85, -0.36, -2.98)	
11.28174	Floor	(0.86, -0.36, -3.02)	
11.29493	Floor	(0.84, -0.36, -2.94)	
11.30712	Floor	(0.87, -0.36, -2.97)	
11.32162	Floor	(0.86, -0.36, -2.97)	
11.3358	Floor	(0.88, -0.36, -2.90)	
11.34964	Floor	(0.88, -0.36, -2.88)	
11.36214	Floor	(0.92, -0.36, -2.97)	
11.37516	Female02	(0.31, 0.32, -1.03)	
11.38783	Female02	(0.30, 0.37, -0.97)	
11.40189	Female02	(0.32, 0.36, -0.92)	
11.41575	Female02	(0.32, 0.38, -0.92)	
11.43028	Female02	(0.32, 0.37, -0.92)	
11.44371	Female02	(0.30, 0.35, -0.97)	
11.45543	Female02	(0.30, 0.36, -1.02)	
11.46701	Floor	(0.63, -0.36, -2.82)	
11.47882	Floor	(0.57, -0.36, -2.75)	
11.49086	Floor	(0.54, -0.36, -2.60)	
11.50482	Floor	(0.61, -0.36, -2.62)	
11.51916	Floor	(0.57, -0.36, -2.56)	
11.53389	Floor	(0.45, -0.36, -2.58)	
11.54677	Floor	(0.42, -0.36, -2.63)	
11.56079	Floor	(0.44, -0.36, -2.68)	
11.57578	Floor	(0.39, -0.36, -2.71)	
11.5904	Floor	(0.42, -0.36, -2.85)	
11.60472	Floor	(0.38, -0.36, -2.64)	
11.61764	Floor	(0.41, -0.36, -2.64)	
11.63129	Floor	(0.42, -0.36, -2.74)	
11.6447	Floor	(0.39, -0.36, -2.73)	
11.65835	Floor	(0.34, -0.36, -2.78)	
11.67	Floor	(0.32, -0.36, -2.75)	
11.68199	Floor	(0.32, -0.36, -2.87)	
11.69375	Floor	(0.34, -0.36, -2.78)	
11.70795	Floor	(0.33, -0.36, -2.67)	
11.72072	Floor	(0.33, -0.36, -2.75)	
11.73476	Floor	(0.35, -0.36, -2.75)	
11.74845	Floor	(0.32, -0.36, -2.78)	
11.76065	Floor	(0.23, -0.36, -2.93)	
11.77605	Floor	(0.20, -0.36, -2.98)	
11.79421	Floor	(0.21, -0.36, -2.91)	
11.81064	Floor	(0.26, -0.36, -2.79)	
11.82687	Floor	(0.29, -0.36, -2.70)	
11.84027	Floor	(0.29, -0.36, -2.82)	
11.85334	Floor	(0.26, -0.36, -2.85)	
11.86831	Floor	(0.24, -0.36, -2.79)	
11.87958	Floor	(0.26, -0.36, -2.82)	
11.89148	Floor	(0.29, -0.36, -2.78)	
11.90511	Floor	(0.29, -0.36, -2.78)	
11.91704	Floor	(0.27, -0.36, -2.73)	
11.92883	Floor	(0.30, -0.36, -2.78)	
11.94092	Floor	(0.34, -0.36, -2.85)	
11.95268	Floor	(0.35, -0.36, -2.88)	
11.96751	Floor	(0.24, -0.36, -2.68)	
11.98097	Floor	(0.22, -0.36, -2.76)	
11.99443	Floor	(0.17, -0.36, -2.83)	
12.00625	Floor	(0.16, -0.36, -2.84)	
12.01802	Floor	(0.20, -0.36, -2.85)	
12.03136	Floor	(0.19, -0.36, -2.81)	
12.04295	Floor	(0.15, -0.36, -2.75)	
12.05789	starting position	(-0.47, 1.22, 1.71)	
12.07129	Floor	(0.12, -0.36, -2.82)	
12.08252	Floor	(0.12, -0.36, -2.87)	
12.09405	Floor	(0.08, -0.36, -2.81)	
12.10601	Floor	(0.08, -0.36, -2.94)	
12.11818	Floor	(0.07, -0.36, -2.92)	
12.13347	Floor	(-0.02, -0.36, -3.11)	
12.14505	Floor	(-0.04, -0.36, -3.00)	
12.15746	Floor	(-0.02, -0.36, -2.95)	
12.1689	Floor	(-0.03, -0.36, -2.88)	
12.18104	Floor	(-0.02, -0.36, -2.90)	
12.19631	starting position	(-0.47, 1.24, 1.72)	
12.21153	starting position	(-0.47, 1.26, 1.79)	
12.22681	starting position	(-0.47, 1.27, 1.81)	
12.24137	starting position	(-0.47, 1.25, 1.76)	
12.25468	Floor	(-0.12, -0.36, -2.77)	
12.26757	starting position	(-0.47, 1.26, 1.81)	
12.28176	starting position	(-0.47, 1.32, 1.97)	
12.2951	starting position	(-0.46, 1.32, 1.97)	
12.30934	starting position	(-0.46, 1.32, 1.96)	
12.32203	starting position	(-0.44, 1.32, 1.94)	
12.33445	starting position	(-0.39, 1.32, 1.80)	
12.34705	starting position	(-0.37, 1.32, 1.81)	
12.36118	starting position	(-0.36, 1.32, 1.78)	
12.37418	starting position	(-0.36, 1.32, 1.78)	
12.38605	starting position	(-0.36, 1.32, 1.79)	
12.39884	starting position	(-0.34, 1.32, 1.81)	
12.41135	starting position	(-0.33, 1.32, 1.80)	
12.42624	starting position	(-0.31, 1.32, 1.80)	
12.43932	starting position	(-0.32, 1.32, 1.84)	
12.45352	starting position	(-0.33, 1.32, 1.83)	
12.46586	starting position	(-0.33, 1.32, 1.82)	
12.47838	starting position	(-0.32, 1.32, 1.78)	
12.49116	starting position	(-0.33, 1.32, 1.77)	
12.50349	starting position	(-0.32, 1.32, 1.76)	
12.51579	starting position	(-0.31, 1.32, 1.75)	
12.52892	starting position	(-0.31, 1.32, 1.73)	
12.54074	starting position	(-0.31, 1.32, 1.72)	
12.55597	MixamoFemale01	(0.34, 0.38, -1.87)	
12.5678	Floor	(0.69, -0.36, -4.71)	
12.58169	Floor	(0.65, -0.36, -4.72)	
12.59578	Floor	(0.57, -0.36, -4.72)	
12.60802	starting position	(-0.32, 1.32, 1.73)	
12.61973	starting position	(-0.31, 1.32, 1.71)	
12.63156	starting position	(-0.31, 1.32, 1.74)	
12.64338	starting position	(-0.29, 1.32, 1.77)	
12.65827	starting position	(-0.29, 1.32, 1.78)	
12.6711	starting position	(-0.29, 1.32, 1.78)	
12.68278	starting position	(-0.29, 1.32, 1.81)	
12.696	starting position	(-0.28, 1.32, 1.77)	
12.71128	starting position	(-0.28, 1.32, 1.77)	
12.72319	starting position	(-0.28, 1.32, 1.79)	
12.73459	starting position	(-0.28, 1.32, 1.79)	
12.74916	starting position	(-0.27, 1.32, 1.78)	
12.76181	starting position	(-0.27, 1.32, 1.78)	
12.77638	starting position	(-0.26, 1.32, 1.79)	
12.78856	starting position	(-0.25, 1.32, 1.77)	
12.80059	starting position	(-0.27, 1.32, 1.79)	
12.81546	starting position	(-0.30, 1.32, 1.85)	
12.82897	starting position	(-0.32, 1.32, 1.89)	
12.84126	starting position	(-0.34, 1.32, 1.92)	
12.8547	starting position	(-0.33, 1.32, 1.92)	
12.86814	starting position	(-0.33, 1.32, 1.93)	
12.88177	starting position	(-0.32, 1.32, 1.93)	
12.89636	starting position	(-0.33, 1.32, 1.94)	
12.91202	starting position	(-0.36, 1.32, 1.94)	
12.92488	starting position	(-0.36, 1.32, 1.90)	
12.93793	starting position	(-0.36, 1.32, 1.88)	
12.94971	starting position	(-0.36, 1.32, 1.90)	
12.96152	starting position	(-0.34, 1.32, 1.93)	
12.97403	starting position	(-0.32, 1.32, 1.94)	
12.98811	starting position	(-0.30, 1.32, 1.94)	
13.00195	starting position	(-0.29, 1.32, 1.96)	
13.0161	starting position	(-0.29, 1.32, 1.95)	
13.02766	starting position	(-0.29, 1.32, 1.94)	
13.03988	starting position	(-0.30, 1.32, 1.93)	
13.05282	starting position	(-0.30, 1.32, 1.92)	
13.06474	starting position	(-0.30, 1.32, 1.90)	
13.07907	starting position	(-0.29, 1.32, 1.89)	
13.0947	starting position	(-0.28, 1.32, 1.89)	
13.10804	starting position	(-0.29, 1.32, 1.88)	
13.12366	starting position	(-0.28, 1.32, 1.85)	
13.13741	starting position	(-0.27, 1.32, 1.87)	
13.14995	Floor	(0.17, -0.36, -6.96)	
13.16188	Floor	(0.61, -0.36, -9.82)	
13.17625	Wall_Front	(0.19, 1.42, -14.46)	
13.18887	Wall_Front	(0.02, 2.33, -14.46)	
13.20043	SmallSquare(Clone)	(0.18, 3.67, -11.93)	
13.21314	SmallSquare(Clone)	(0.27, 3.99, -11.93)	
13.22514	SmallSquare(Clone)	(0.22, 4.28, -11.93)	
13.23953	SmallSquare(Clone)	(0.29, 4.44, -11.93)	
13.25288	SmallSquare(Clone)	(1.76, 4.03, -11.93)	
13.26625	SmallSquare(Clone)	(1.84, 4.31, -11.93)	
13.27992	SmallSquare(Clone)	(1.93, 4.23, -11.93)	
13.29163	SmallSquare(Clone)	(0.93, 4.19, -11.93)	
13.30465	SmallSquare(Clone)	(0.77, 4.21, -11.93)	
13.31842	SmallSquare(Clone)	(0.39, 4.17, -11.93)	
13.33157	SmallSquare(Clone)	(0.50, 4.14, -11.93)	
13.34643	SmallSquare(Clone)	(0.62, 4.14, -11.93)	
13.35941	SmallSquare(Clone)	(0.62, 4.13, -11.93)	
13.37439	SmallSquare(Clone)	(0.46, 4.21, -11.93)	
13.38691	SmallSquare(Clone)	(0.48, 4.57, -11.93)	
13.39982	SmallSquare(Clone)	(0.62, 5.03, -11.93)	
13.41445	SmallSquare(Clone)	(0.71, 5.08, -11.93)	
13.4286	SmallSquare(Clone)	(1.29, 5.23, -11.93)	
13.44228	SmallSquare(Clone)	(1.43, 5.39, -11.93)	
13.45523	SmallSquare(Clone)	(1.03, 5.25, -11.93)	
13.47094	SmallSquare(Clone)	(0.69, 5.12, -11.93)	
13.48496	SmallSquare(Clone)	(1.37, 5.20, -11.93)	
13.49992	SmallSquare(Clone)	(1.64, 5.24, -11.93)	
13.51332	SmallSquare(Clone)	(1.57, 5.16, -11.93)	
13.52656	SmallSquare(Clone)	(1.28, 5.20, -11.93)	
13.53824	SmallSquare(Clone)	(0.93, 5.02, -11.93)	
13.55252	SmallSquare(Clone)	(0.48, 4.87, -11.93)	
13.5664	SmallSquare(Clone)	(0.32, 4.84, -11.93)	
13.57816	SmallSquare(Clone)	(0.28, 4.69, -11.93)	
13.59009	SmallSquare(Clone)	(0.22, 4.71, -11.93)	
13.60219	SmallSquare(Clone)	(0.25, 4.83, -11.93)	
13.61363	SmallSquare(Clone)	(0.36, 4.76, -11.93)	
13.62769	SmallSquare(Clone)	(1.06, 4.86, -11.93)	
13.64114	SmallSquare(Clone)	(1.68, 4.25, -11.93)	
13.65396	Wall_Front	(2.16, 3.28, -14.46)	
13.72867	starting position	(-0.17, 1.32, 1.80)	
13.74164	starting position	(-0.17, 1.32, 1.81)	
13.75551	starting position	(-0.17, 1.32, 1.81)	
13.7683	starting position	(-0.14, 1.32, 1.81)	
13.78216	starting position	(-0.12, 1.32, 1.82)	
13.79491	starting position	(-0.12, 1.32, 1.83)	
13.80826	starting position	(-0.12, 1.32, 1.82)	
13.82176	starting position	(-0.12, 1.32, 1.82)	
13.83508	starting position	(-0.11, 1.32, 1.82)	
13.84991	starting position	(-0.11, 1.32, 1.84)	
13.86155	starting position	(-0.11, 1.32, 1.84)	
13.87586	starting position	(-0.10, 1.32, 1.85)	
13.88878	starting position	(-0.11, 1.32, 1.87)	
13.90372	starting position	(-0.10, 1.32, 1.86)	
13.91547	starting position	(-0.09, 1.32, 1.85)	
13.92754	starting position	(-0.09, 1.32, 1.84)	
13.93998	starting position	(-0.10, 1.32, 1.83)	
13.95479	starting position	(-0.10, 1.32, 1.82)	
13.96897	starting position	(-0.11, 1.32, 1.82)	
13.98471	starting position	(-0.11, 1.32, 1.82)	
13.9977	starting position	(-0.11, 1.32, 1.82)	
14.01038	starting position	(-0.10, 1.32, 1.78)	
14.02323	starting position	(-0.11, 1.32, 1.76)	
14.03695	starting position	(-0.10, 1.32, 1.76)	
14.05077	starting position	(-0.10, 1.32, 1.77)	
14.06312	starting position	(-0.09, 1.32, 1.75)	
14.07743	starting position	(-0.08, 1.32, 1.77)	
14.09171	starting position	(-0.09, 1.32, 1.78)	
14.10501	starting position	(-0.09, 1.32, 1.78)	
14.11865	starting position	(-0.09, 1.32, 1.79)	
14.13017	starting position	(-0.10, 1.32, 1.77)	
14.14332	starting position	(-0.09, 1.32, 1.78)	
14.15788	starting position	(-0.08, 1.32, 1.78)	
14.17019	starting position	(-0.08, 1.32, 1.77)	
14.18157	starting position	(-0.08, 1.32, 1.76)	
14.19641	starting position	(-0.08, 1.32, 1.76)	
14.20967	starting position	(-0.08, 1.32, 1.75)	
14.22189	starting position	(-0.08, 1.32, 1.73)	
14.23381	starting position	(-0.09, 1.32, 1.74)	
14.24565	starting position	(-0.09, 1.32, 1.72)	
14.26009	starting position	(-0.11, 1.32, 1.71)	
14.27211	starting position	(-0.11, 1.32, 1.72)	
14.28778	starting position	(-0.11, 1.32, 1.72)	
14.29959	Floor	(0.33, -0.36, -4.94)	
14.31436	Floor	(0.40, -0.36, -5.19)	
14.3286	Floor	(0.47, -0.36, -4.90)	
14.34126	Floor	(0.48, -0.36, -5.01)	
14.3541	Floor	(0.38, -0.36, -5.28)	
14.36771	Floor	(0.39, -0.36, -5.17)	
14.38193	Floor	(0.38, -0.36, -5.02)	
14.39489	Floor	(0.36, -0.36, -5.15)	
14.40727	Floor	(0.47, -0.36, -4.92)	
14.42454	MixamoFemale01	(0.31, 0.37, -1.91)	
14.4395	MixamoFemale01	(0.29, 0.38, -1.97)	
14.45403	Floor	(0.52, -0.36, -4.75)	
14.4692	Floor	(0.37, -0.36, -8.94)	
14.48314	Wall_Front	(0.29, -0.27, -14.46)	
14.49549	Wall_Front	(0.36, -0.02, -14.46)	
14.50893	Wall_Front	(0.27, -0.04, -14.46)	
14.52337	Wall_Front	(0.30, -0.04, -14.46)	
14.53575	Wall_Front	(0.27, 0.05, -14.46)	
14.55034	Wall_Front	(0.15, 0.12, -14.46)	
14.56241	Wall_Front	(0.14, 0.17, -14.46)	
14.57513	Wall_Front	(0.02, 0.19, -14.46)	
14.5906	Wall_Front	(0.01, 0.17, -14.46)	
14.60344	Wall_Front	(-0.02, 0.27, -14.46)	
14.6151	Wall_Front	(0.05, 0.23, -14.46)	
14.62732	Wall_Front	(0.16, 0.14, -14.46)	
14.63923	Wall_Front	(0.26, 0.17, -14.46)	
14.6517	Wall_Front	(0.23, -0.02, -14.46)	
14.66547	Wall_Front	(0.01, 0.08, -14.46)	
14.67933	Wall_Front	(0.05, 0.14, -14.46)	
14.69561	Wall_Front	(0.08, 0.15, -14.46)	
14.70881	Wall_Front	(0.18, 0.19, -14.46)	
14.7211	Wall_Front	(0.11, 0.29, -14.46)	
14.73469	Wall_Front	(0.17, 0.25, -14.46)	
14.74677	Wall_Front	(0.10, 0.29, -14.46)	
14.76197	Wall_Front	(0.12, 0.19, -14.46)	
14.77676	Wall_Front	(0.13, 0.32, -14.46)	
14.79068	Wall_Front	(0.38, 0.39, -14.46)	
14.80558	Wall_Front	(0.86, 0.96, -14.46)	
14.81985	Wall_Front	(1.31, 1.11, -14.46)	
14.83499	Wall_Front	(1.02, 1.24, -14.46)	
14.84887	Wall_Front	(1.10, 1.13, -14.46)	
14.86162	Wall_Front	(1.20, 1.17, -14.46)	
14.87437	MixamoFemale01	(0.29, 1.50, -1.97)	
14.88946	MixamoFemale01	(0.31, 1.50, -1.92)	
14.90406	MixamoFemale01	(0.33, 1.54, -1.88)	
14.91761	MixamoFemale01	(0.29, 1.52, -1.97)	
14.93223	MixamoFemale01	(0.30, 1.54, -1.95)	
14.94783	MixamoFemale01	(0.30, 1.53, -1.93)	
14.96247	MixamoFemale01	(0.29, 1.55, -1.96)	
14.97472	MixamoFemale01	(0.29, 1.55, -1.97)	
14.98741	MixamoFemale01	(0.31, 1.55, -1.91)	
15.00086	Wall_Front	(0.85, 2.07, -14.46)	
15.01331	Wall_Front	(0.40, 2.48, -14.46)	
15.02621	Wall_Front	(-0.19, 2.83, -14.46)	
15.03924	Wall_Front	(-0.16, 2.97, -14.46)	
15.05357	Wall_Front	(-0.15, 2.90, -14.46)	
15.06869	Wall_Front	(-0.35, 2.93, -14.46)	
15.08085	Wall_Front	(-0.45, 2.94, -14.46)	
15.09533	Wall_Front	(-0.38, 2.85, -14.46)	
15.10871	Wall_Front	(-0.43, 2.98, -14.46)	
15.12389	Wall_Front	(-0.36, 2.97, -14.46)	
15.13736	Wall_Front	(-0.31, 2.94, -14.46)	
15.1528	Wall_Front	(-0.26, 3.04, -14.46)	
15.16467	Wall_Front	(-0.27, 3.10, -14.46)	
15.17652	Wall_Front	(-0.28, 3.16, -14.46)	
15.18918	Wall_Front	(-0.31, 3.22, -14.46)	
15.20375	Wall_Front	(-0.45, 3.24, -14.46)	
15.21793	Wall_Front	(-0.45, 3.18, -14.46)	
15.22988	Wall_Front	(-0.41, 3.31, -14.46)	
15.24287	SmallSquare(Clone)	(-0.52, 3.16, -11.93)	
15.25617	SmallSquare(Clone)	(-0.17, 3.71, -11.93)	
15.27024	SmallSquare(Clone)	(0.28, 4.00, -11.93)	
15.2853	SmallSquare(Clone)	(0.31, 4.04, -11.93)	
15.2984	SmallSquare(Clone)	(0.23, 4.22, -11.93)	
15.31199	SmallSquare(Clone)	(0.16, 4.26, -11.93)	
15.32758	SmallSquare(Clone)	(0.24, 4.32, -11.93)	
15.34041	SmallSquare(Clone)	(0.21, 4.21, -11.93)	
15.35538	SmallSquare(Clone)	(0.21, 4.40, -11.93)	
15.36889	SmallSquare(Clone)	(0.19, 4.41, -11.93)	
15.38091	SmallSquare(Clone)	(0.34, 4.41, -11.93)	
15.39539	SmallSquare(Clone)	(0.34, 4.45, -11.93)	
15.40854	SmallSquare(Clone)	(0.27, 4.37, -11.93)	
15.42254	SmallSquare(Clone)	(0.20, 4.40, -11.93)	
15.43506	SmallSquare(Clone)	(0.09, 4.34, -11.93)	
15.44751	SmallSquare(Clone)	(0.11, 4.40, -11.93)	
15.46009	SmallSquare(Clone)	(0.21, 4.36, -11.93)	
15.47517	SmallSquare(Clone)	(0.36, 4.53, -11.93)	
15.48889	SmallSquare(Clone)	(0.44, 5.58, -11.93)	
15.50364	SmallSquare(Clone)	(0.56, 6.02, -11.93)	
15.51618	SmallSquare(Clone)	(0.59, 5.96, -11.93)	
15.52979	SmallSquare(Clone)	(0.58, 5.97, -11.93)	
15.54531	SmallSquare(Clone)	(0.51, 6.13, -11.93)	
15.56219	SmallSquare(Clone)	(0.71, 6.10, -11.93)	
15.57534	SmallSquare(Clone)	(0.65, 6.15, -11.93)	
15.58786	SmallSquare(Clone)	(0.69, 6.11, -11.93)	
15.60136	SmallSquare(Clone)	(0.65, 6.15, -11.93)	
15.61627	SmallSquare(Clone)	(0.59, 6.06, -11.93)	
15.62828	SmallSquare(Clone)	(0.63, 6.02, -11.93)	
15.64186	SmallSquare(Clone)	(0.61, 5.91, -11.93)	
15.65382	SmallSquare(Clone)	(0.65, 5.87, -11.93)	
15.66603	SmallSquare(Clone)	(0.68, 5.85, -11.93)	
15.68193	SmallSquare(Clone)	(0.59, 5.89, -11.93)	
15.69611	SmallSquare(Clone)	(0.58, 5.90, -11.93)	
15.70966	SmallSquare(Clone)	(0.52, 5.81, -11.93)	
15.72356	SmallSquare(Clone)	(0.58, 5.76, -11.93)	
15.73591	SmallSquare(Clone)	(0.54, 5.60, -11.93)	
15.74855	SmallSquare(Clone)	(0.61, 5.35, -11.93)	
15.76235	SmallSquare(Clone)	(0.56, 5.13, -11.93)	
15.77789	SmallSquare(Clone)	(0.60, 4.87, -11.93)	
15.79142	SmallSquare(Clone)	(0.76, 4.85, -11.93)	
15.80529	SmallSquare(Clone)	(0.64, 4.60, -11.93)	
15.8166	SmallSquare(Clone)	(0.15, 4.62, -11.93)	
15.82962	SmallSquare(Clone)	(0.46, 4.59, -11.93)	
15.84205	SmallSquare(Clone)	(2.30, 4.36, -11.93)	
18.48667	starting position	(-0.37, 1.32, 2.67)	
18.49696	starting position	(-0.37, 1.28, 2.70)	
18.50817	starting position	(-0.36, 1.31, 2.70)	
18.51937	starting position	(-0.35, 1.31, 2.70)	
18.5321	starting position	(-0.34, 1.31, 2.70)	
18.54439	starting position	(-0.34, 1.31, 2.70)	
18.55599	starting position	(-0.37, 1.31, 2.70)	
18.56897	starting position	(-0.37, 1.31, 2.70)	
18.58065	starting position	(-0.37, 1.30, 2.70)	
18.59127	starting position	(-0.36, 1.30, 2.70)	
18.60376	starting position	(-0.36, 1.30, 2.70)	
18.61588	starting position	(-0.35, 1.29, 2.70)	
18.62608	starting position	(-0.35, 1.29, 2.70)	
18.6414	starting position	(-0.36, 1.29, 2.70)	
18.65184	starting position	(-0.36, 1.29, 2.70)	
18.66292	starting position	(-0.36, 1.29, 2.70)	
18.67369	starting position	(-0.37, 1.29, 2.70)	
18.68517	starting position	(-0.37, 1.29, 2.70)	
18.69572	starting position	(-0.38, 1.29, 2.70)	
18.70749	starting position	(-0.38, 1.29, 2.70)	
18.71901	starting position	(-0.37, 1.29, 2.70)	
18.73059	starting position	(-0.34, 1.28, 2.70)	
18.74187	starting position	(-0.34, 1.28, 2.70)	
18.75336	starting position	(-0.34, 1.29, 2.70)	
18.76442	starting position	(-0.34, 1.32, 2.69)	
18.776	starting position	(-0.35, 1.32, 2.68)	
18.78807	starting position	(-0.36, 1.32, 2.66)	
18.79853	starting position	(-0.37, 1.32, 2.67)	
18.80927	starting position	(-0.37, 1.32, 2.67)	
18.82046	starting position	(-0.37, 1.32, 2.68)	
18.8309	starting position	(-0.37, 1.32, 2.67)	
18.84476	starting position	(-0.37, 1.32, 2.68)	
18.85621	starting position	(-0.37, 1.32, 2.68)	
18.8666	starting position	(-0.37, 1.32, 2.67)	
18.87745	starting position	(-0.37, 1.32, 2.68)	
18.8902	starting position	(-0.36, 1.32, 2.68)	
18.90311	starting position	(-0.36, 1.32, 2.68)	
18.9161	starting position	(-0.37, 1.32, 2.68)	
18.92642	starting position	(-0.37, 1.32, 2.68)	
18.93916	starting position	(-0.37, 1.32, 2.68)	
18.95208	starting position	(-0.37, 1.32, 2.68)	
18.9637	starting position	(-0.36, 1.32, 2.68)	
18.97707	starting position	(-0.36, 1.32, 2.68)	
18.98981	starting position	(-0.36, 1.32, 2.68)	
19.00222	starting position	(-0.34, 1.32, 2.69)	
19.01541	starting position	(-0.34, 1.32, 2.69)	
19.02698	starting position	(-0.34, 1.32, 2.69)	
19.0378	starting position	(-0.34, 1.32, 2.69)	
19.05202	starting position	(-0.34, 1.32, 2.69)	
19.06211	starting position	(-0.34, 1.32, 2.69)	
19.07461	starting position	(-0.34, 1.32, 2.69)	
19.08598	starting position	(-0.34, 1.32, 2.69)	
19.09728	starting position	(-0.34, 1.32, 2.69)	
19.10812	starting position	(-0.34, 1.32, 2.69)	
19.1204	starting position	(-0.34, 1.32, 2.69)	
19.13176	starting position	(-0.34, 1.32, 2.69)	
19.14639	starting position	(-0.35, 1.32, 2.69)	
19.15741	starting position	(-0.37, 1.32, 2.69)	
19.16847	starting position	(-0.37, 1.32, 2.69)	
19.1806	starting position	(-0.37, 1.32, 2.69)	
19.19168	starting position	(-0.38, 1.31, 2.70)	
19.20412	starting position	(-0.37, 1.31, 2.70)	
19.21468	starting position	(-0.38, 1.28, 2.70)	
19.22599	starting position	(-0.38, 1.26, 2.70)	
19.23658	starting position	(-0.38, 1.25, 2.70)	
19.24724	starting position	(-0.38, 1.23, 2.70)	
19.26045	starting position	(-0.38, 1.22, 2.70)	
19.27286	starting position	(-0.38, 1.22, 2.70)	
19.28385	starting position	(-0.38, 1.21, 2.70)	
19.29602	starting position	(-0.35, 1.19, 2.70)	
19.3062	starting position	(-0.35, 1.18, 2.70)	
19.31852	starting position	(-0.34, 1.17, 2.70)	
19.33109	starting position	(-0.34, 1.16, 2.70)	
19.34403	starting position	(-0.34, 1.15, 2.70)	
19.3565	starting position	(-0.35, 1.16, 2.70)	
19.36725	starting position	(-0.35, 1.16, 2.70)	
19.37801	starting position	(-0.35, 1.16, 2.70)	
19.39047	starting position	(-0.34, 1.15, 2.70)	
19.40127	starting position	(-0.33, 1.14, 2.70)	
19.41517	starting position	(-0.33, 1.14, 2.70)	
19.42685	starting position	(-0.34, 1.14, 2.70)	
19.43752	starting position	(-0.35, 1.14, 2.70)	
19.44943	starting position	(-0.38, 1.16, 2.70)	
19.46308	starting position	(-0.38, 1.16, 2.70)	
19.47343	starting position	(-0.38, 1.20, 2.70)	
19.48414	starting position	(-0.38, 1.21, 2.70)	
19.49663	starting position	(-0.35, 1.21, 2.70)	
19.50809	starting position	(-0.36, 1.25, 2.70)	
19.51956	starting position	(-0.35, 1.26, 2.70)	
19.53179	starting position	(-0.36, 1.28, 2.70)	
19.54339	starting position	(-0.36, 1.29, 2.70)	
19.5543	starting position	(-0.36, 1.29, 2.70)	
19.56586	starting position	(-0.37, 1.30, 2.70)	
19.57695	starting position	(-0.37, 1.30, 2.70)	
19.58878	starting position	(-0.37, 1.30, 2.70)	
19.60128	starting position	(-0.37, 1.30, 2.70)	
19.61254	starting position	(-0.39, 1.31, 2.70)	
19.62348	starting position	(-0.38, 1.31, 2.70)	
19.63463	starting position	(-0.36, 1.31, 2.70)	
19.64597	starting position	(-0.36, 1.31, 2.70)	
19.65709	starting position	(-0.36, 1.31, 2.70)	
19.66914	starting position	(-0.36, 1.31, 2.70)	
19.68047	starting position	(-0.36, 1.31, 2.70)	
19.69364	starting position	(-0.36, 1.31, 2.70)	
19.70449	starting position	(-0.36, 1.31, 2.70)	
19.71544	starting position	(-0.36, 1.31, 2.70)	
19.72636	starting position	(-0.36, 1.32, 2.70)	
19.73768	starting position	(-0.36, 1.31, 2.70)	
19.74877	starting position	(-0.36, 1.32, 2.69)	
19.75981	starting position	(-0.36, 1.32, 2.70)	
19.77242	starting position	(-0.38, 1.32, 2.68)	
19.78333	starting position	(-0.39, 1.32, 2.68)	
19.79364	starting position	(-0.39, 1.32, 2.68)	
19.80628	starting position	(-0.40, 1.30, 2.70)	
19.81819	starting position	(-0.40, 1.27, 2.70)	
19.83127	starting position	(-0.39, 1.06, 2.70)	
19.84501	starting position	(-0.39, 1.01, 2.70)	
19.85624	starting position	(-0.39, 0.90, 2.70)	
19.86691	starting position	(-0.36, 0.94, 2.70)	
19.88103	starting position	(-0.42, 1.15, 2.70)	
19.89337	starting position	(-0.42, 1.16, 2.70)	
19.90468	starting position	(-0.42, 1.16, 2.70)	
19.91558	starting position	(-0.42, 1.17, 2.70)	
19.92666	starting position	(-0.42, 1.17, 2.70)	
19.93849	starting position	(-0.41, 1.17, 2.70)	
19.94948	starting position	(-0.40, 1.16, 2.70)	
19.96128	starting position	(-0.39, 1.16, 2.70)	
19.9733	starting position	(-0.38, 1.16, 2.70)	
19.98503	starting position	(-0.38, 1.17, 2.70)	
19.99667	starting position	(-0.38, 1.17, 2.70)	
20.00781	starting position	(-0.38, 1.18, 2.70)	
20.01887	starting position	(-0.37, 1.18, 2.70)	
20.02969	starting position	(-0.38, 1.19, 2.70)	
20.04166	starting position	(-0.38, 1.20, 2.70)	
20.05287	starting position	(-0.38, 1.21, 2.70)	
20.06688	starting position	(-0.38, 1.06, 2.70)	
20.07755	starting position	(-0.39, 1.03, 2.70)	
20.09133	starting position	(-0.43, 1.11, 2.70)	
20.10191	starting position	(-0.40, 1.26, 2.70)	
20.11251	starting position	(-0.42, 1.12, 2.70)	
20.12381	Floor	(-0.62, -0.36, 2.30)	
20.13555	starting position	(-0.47, 0.92, 2.70)	
26.60572	Floor	(2.58, -0.36, -1.74)	
26.61802	Wall_Left	(10.74, 0.24, -4.72)	
26.62855	Floor	(3.92, -0.36, -2.02)	
26.64096	Floor	(1.61, -0.36, -0.56)	
26.65295	Floor	(1.85, -0.36, -0.87)	
26.66463	Floor	(1.98, -0.36, -0.94)	
26.67775	Floor	(2.13, -0.36, -1.08)	
26.68902	Floor	(1.94, -0.36, -1.73)	
26.70274	Floor	(1.99, -0.36, -1.95)	
26.71565	Floor	(2.38, -0.36, -1.36)	
26.72745	Floor	(2.46, -0.36, -1.46)	
26.73966	Floor	(2.53, -0.36, -1.54)	
26.75342	Floor	(2.37, -0.36, -2.38)	
26.76661	Floor	(2.40, -0.36, -2.39)	
26.77911	Floor	(2.53, -0.36, -2.46)	
26.79146	Floor	(2.44, -0.36, -2.52)	
26.80517	Floor	(2.57, -0.36, -2.81)	
26.81787	Floor	(2.52, -0.36, -2.84)	
26.83261	Floor	(2.67, -0.36, -2.49)	
26.84739	Floor	(2.62, -0.36, -2.96)	
26.85981	Male01	(1.57, 0.38, -1.80)	
26.87374	Male02	(1.32, 0.60, -0.90)	
26.88657	Male02	(1.36, 0.62, -0.86)	
26.89857	Male02	(1.35, 0.67, -0.86)	
26.9123	Male02	(1.35, 0.70, -0.87)	
26.92459	Male02	(1.30, 0.74, -0.98)	
26.93763	Male02	(1.30, 0.79, -0.97)	
26.94974	Floor	(4.21, -0.36, -4.42)	
26.96165	Female02	(0.60, 0.99, -0.83)	
26.97352	Male01	(1.52, 0.65, -1.79)	
26.98813	Female02	(0.56, 1.02, -0.81)	
27.00264	Female02	(0.50, 1.07, -0.80)	
27.01515	Female02	(0.46, 1.10, -0.80)	
27.0275	Female02	(0.48, 1.16, -0.80)	
27.03941	Floor	(5.66, -0.36, -5.98)	
27.05337	Male01	(1.62, 1.25, -1.83)	
27.06514	Male01	(1.44, 1.85, -1.81)	
27.07825	Wall_Left	(10.74, 3.77, -12.82)	
27.09265	Wall_Left	(10.74, 5.01, -12.91)	
27.10601	Wall_Left	(10.74, 5.76, -13.01)	
27.11761	Wall_Left	(10.74, 5.66, -12.76)	
27.13071	Wall_Left	(10.74, 5.52, -13.13)	
27.14252	Wall_Left	(10.74, 5.44, -13.32)	
27.15431	Wall_Left	(10.74, 5.48, -14.11)	
27.16682	Wall_Left	(10.74, 5.38, -13.12)	
27.18042	Wall_Left	(10.74, 5.33, -13.62)	
27.19399	Wall_Front	(9.82, 5.52, -14.46)	
27.20525	Wall_Front	(9.17, 5.41, -14.46)	
27.22087	Wall_Front	(9.81, 5.37, -14.46)	
27.23463	Wall_Left	(10.74, 5.39, -13.85)	
27.24763	Wall_Left	(10.74, 5.29, -13.89)	
27.26146	Wall_Front	(10.57, 5.43, -14.46)	
27.27506	Wall_Front	(9.95, 5.47, -14.46)	
27.28701	Wall_Front	(10.28, 5.48, -14.46)	
27.30078	Wall_Left	(10.74, 5.67, -14.11)	
27.31327	Wall_Front	(9.71, 4.91, -14.46)	
27.32494	Wall_Front	(8.57, 3.70, -14.46)	
27.33748	Female03	(-0.41, 1.84, -0.83)	
27.34969	Female03	(-0.60, 1.61, -0.83)	
27.36158	Female03	(-0.70, 1.41, -0.97)	
27.37386	Male01	(-0.59, 0.85, -1.82)	
27.38646	Male01	(-0.59, 0.74, -1.82)	
27.39884	Male01	(-0.67, 0.75, -1.90)	
27.4121	Male01	(-0.65, 0.71, -1.87)	
27.4305	Male01	(-0.66, 0.64, -1.88)	
27.4446	Male01	(-0.67, 0.67, -1.90)	
27.45781	Male01	(-0.70, 0.66, -1.96)	
27.47112	Floor	(0.02, -0.36, -5.16)	
27.48373	Floor	(-0.07, -0.36, -5.10)	
27.49838	Floor	(-0.02, -0.36, -5.03)	
27.51137	Floor	(-0.13, -0.36, -5.05)	
27.52276	Floor	(-0.19, -0.36, -4.77)	
27.53748	Male01	(-0.64, 0.26, -1.89)	
27.54954	Floor	(-0.28, -0.36, -3.09)	
27.56173	Floor	(-0.33, -0.36, -3.10)	
27.57341	Floor	(-0.07, -0.36, -2.82)	
27.58565	Female03	(-0.69, 0.51, -1.05)	
27.59765	Floor	(-0.24, -0.36, -3.10)	
27.60954	Male01	(-0.55, 0.23, -1.85)	
27.62287	Floor	(-0.12, -0.36, -3.00)	
27.63652	Floor	(-0.11, -0.36, -2.99)	
27.64914	Male01	(-0.62, 0.54, -1.84)	
27.66191	Male01	(-0.57, 0.52, -1.81)	
27.67328	Female03	(-0.70, 1.21, -0.96)	
27.68697	Male01	(-0.69, 0.35, -1.93)	
27.70159	Floor	(-0.30, -0.36, -3.49)	
27.71725	Floor	(-0.35, -0.36, -3.25)	
27.72944	Male01	(-0.66, 0.27, -1.91)	
27.74189	Male01	(-0.68, 0.30, -1.92)	
27.75448	Male01	(-0.68, 0.28, -1.94)	
27.76939	Male01	(-0.68, 0.33, -1.92)	
27.78089	Male01	(-0.59, 0.28, -1.83)	
27.7953	Female03	(-0.60, 0.91, -0.83)	
27.80766	Floor	(0.02, -0.36, -3.03)	
27.82082	Female03	(-0.66, 0.60, -0.88)	
27.83381	Female03	(-0.58, 0.54, -0.82)	
27.84702	Female03	(-0.61, 0.87, -0.84)	
27.85903	Female03	(-0.66, 0.70, -0.88)	
27.87302	Female03	(-0.69, 0.62, -0.93)	
27.88817	Female03	(-0.68, 0.65, -0.91)	
27.8999	Female03	(-0.68, 0.64, -0.91)	
27.91254	Female03	(-0.67, 0.61, -0.90)	
27.9287	Female03	(-0.67, 0.56, -0.90)	
27.94116	Female03	(-0.66, 0.60, -0.87)	
27.95465	Female03	(-0.67, 0.56, -0.90)	
27.96717	Female03	(-0.61, 0.62, -0.83)	
27.97971	Female03	(-0.57, 0.60, -0.81)	
27.99174	Female03	(-0.56, 0.61, -0.81)	
28.00454	Female03	(-0.58, 0.64, -0.81)	
28.01773	Female03	(-0.57, 0.65, -0.81)	
28.02988	Female03	(-0.58, 0.64, -0.82)	
28.0419	Female03	(-0.57, 0.66, -0.81)	
28.05531	Female03	(-0.54, 0.73, -0.80)	
28.07084	Female03	(-0.49, 0.71, -0.80)	
28.08515	Female03	(-0.46, 0.74, -0.80)	
28.09929	Female03	(-0.47, 0.74, -0.80)	
28.11096	Female03	(-0.48, 0.73, -0.80)	
28.12511	Female03	(-0.48, 0.86, -0.80)	
28.14215	MixamoFemale01	(0.56, 0.47, -1.80)	
28.15599	Floor	(1.72, -0.36, -3.45)	
28.16929	Floor	(1.77, -0.36, -3.24)	
28.18262	Floor	(1.67, -0.36, -3.18)	
28.19532	Floor	(1.61, -0.36, -3.08)	
28.20857	Floor	(1.66, -0.36, -3.05)	
28.22031	Female02	(0.30, 0.61, -1.01)	
28.23658	Floor	(1.64, -0.36, -3.04)	
28.24936	Female02	(0.31, 0.52, -0.95)	
28.26289	Female02	(0.30, 0.42, -1.00)	
28.27541	Female02	(0.36, 0.47, -0.86)	
28.28831	Floor	(1.16, -0.36, -1.67)	
28.29978	Floor	(1.09, -0.36, -1.53)	
29.92681	Floor	(4.57, -0.36, -3.41)	
29.93854	Floor	(3.42, -0.36, -2.53)	
29.95018	Male02	(1.52, 0.61, -0.80)	
29.96245	Floor	(4.95, -0.36, -4.33)	
29.97403	Floor	(10.24, -0.36, -8.50)	
29.98965	Floor	(7.15, -0.36, -5.26)	
30.00591	Male02	(1.62, 1.39, -0.84)	
30.02052	Floor	(6.89, -0.36, -6.08)	
30.03487	Male02	(1.58, 1.16, -0.82)	
30.04691	Male02	(1.36, 1.33, -0.86)	
30.05877	Male02	(1.31, 1.39, -0.95)	
30.07164	Wall_Front	(10.01, -0.17, -14.46)	
30.08388	Wall_Front	(9.92, -0.15, -14.46)	
30.09936	Male01	(1.57, 1.47, -1.80)	
30.11088	Wall_Front	(9.45, 0.09, -14.46)	
30.12664	Male01	(1.45, 1.59, -1.80)	
30.13849	Male01	(1.42, 1.64, -1.81)	
30.15252	Male01	(1.40, 1.72, -1.82)	
30.16556	Male01	(1.38, 1.73, -1.83)	
30.17938	Male01	(1.40, 1.76, -1.82)	
30.1918	Female02	(0.52, 1.81, -0.80)	
30.20491	Female02	(0.52, 1.79, -0.80)	
30.21689	Female02	(0.49, 1.76, -0.80)	
30.23281	Female02	(0.49, 1.84, -0.80)	
30.24518	Female02	(0.45, 1.84, -0.81)	
30.25759	Female02	(0.41, 1.94, -0.86)	
30.27137	Female02	(0.60, 1.54, -0.83)	
30.28354	Male01	(1.29, 1.10, -2.00)	
30.29505	Male01	(1.30, 0.50, -1.96)	
30.30765	Male01	(1.33, 0.37, -1.87)	
30.3207	Female02	(0.66, 0.46, -0.88)	
30.33302	Floor	(2.31, -0.36, -2.99)	
30.34443	Floor	(2.19, -0.36, -2.76)	
30.35785	Floor	(2.28, -0.36, -3.09)	
30.37053	Male01	(1.43, 0.18, -1.84)	
30.38276	Male01	(1.49, 0.20, -1.81)	
30.39498	Floor	(2.26, -0.36, -3.05)	
30.41016	Male01	(1.46, 0.15, -1.84)	
30.42351	Male01	(1.42, 0.24, -1.81)	
30.43646	Male01	(1.34, 0.24, -1.87)	
30.45089	Male01	(1.29, 0.28, -1.98)	
30.46554	Male01	(1.34, 0.32, -1.87)	
30.48051	Female02	(0.63, 0.85, -0.85)	
30.49307	Female02	(0.51, 0.93, -0.80)	
30.50677	Female02	(0.33, 0.96, -0.90)	
30.52173	Female02	(0.31, 0.92, -0.95)	
30.53667	Female02	(0.30, 0.91, -1.02)	
30.54818	Female02	(0.30, 0.93, -0.96)	
30.56241	Female02	(0.31, 0.99, -0.94)	
30.57444	MixamoFemale01	(0.53, 0.90, -1.79)	
30.58708	Floor	(2.93, -0.36, -12.90)	
30.59919	Wall_Front	(2.94, 0.14, -14.46)	
30.61252	Wall_Front	(2.73, -0.13, -14.46)	
30.62356	Female03	(-0.37, 1.53, -0.84)	
30.63572	Female03	(-0.38, 1.53, -0.84)	
30.64716	Female03	(-0.33, 1.52, -0.90)	
30.65937	Female03	(-0.34, 1.57, -0.88)	
30.67395	Wall_Front	(3.08, -0.27, -14.46)	
30.6886	Floor	(2.89, -0.36, -13.91)	
30.70258	Floor	(3.45, -0.36, -14.03)	
30.71491	Floor	(3.30, -0.36, -13.40)	
30.72739	Floor	(3.13, -0.36, -13.21)	
30.73947	Floor	(2.75, -0.36, -12.21)	
30.75145	Floor	(3.03, -0.36, -13.43)	
30.76461	Floor	(3.00, -0.36, -13.90)	
30.77812	Wall_Front	(3.29, -0.34, -14.46)	
30.7929	Floor	(3.33, -0.36, -14.22)	
30.80449	Wall_Front	(3.14, -0.17, -14.46)	
30.81917	Female03	(-0.38, 1.72, -0.84)	
30.83204	Female03	(-0.50, 1.95, -0.87)	
30.84442	Wall_Front	(0.90, 2.69, -14.46)	
30.85888	SmallSquare(Clone)	(0.29, 3.28, -11.93)	
30.87197	Wall_Front	(0.35, 3.27, -14.46)	
30.88576	SmallSquare(Clone)	(0.10, 3.19, -11.93)	
30.89941	SmallSquare(Clone)	(0.19, 3.31, -11.93)	
30.91246	SmallSquare(Clone)	(0.11, 3.23, -11.93)	
30.92587	SmallSquare(Clone)	(0.19, 3.36, -11.93)	
30.93841	SmallSquare(Clone)	(0.57, 3.14, -11.93)	
30.95034	Wall_Front	(1.10, 3.28, -14.46)	
30.96371	Wall_Front	(1.10, 3.14, -14.46)	
30.97719	Wall_Front	(1.15, 3.21, -14.46)	
30.98997	SmallSquare(Clone)	(0.75, 3.37, -11.93)	
31.00445	SmallSquare(Clone)	(-0.18, 3.77, -11.93)	
31.01735	SmallSquare(Clone)	(0.47, 3.64, -11.93)	
31.03137	SmallSquare(Clone)	(0.25, 4.73, -11.93)	
31.04391	SmallSquare(Clone)	(0.07, 5.86, -11.93)	
31.05712	SmallSquare(Clone)	(-0.28, 6.36, -11.93)	
31.06898	SmallSquare(Clone)	(-0.66, 6.81, -11.93)	
31.08306	SmallSquare(Clone)	(-0.50, 6.66, -11.93)	
31.09475	SmallSquare(Clone)	(-0.35, 6.59, -11.93)	
31.10783	SmallSquare(Clone)	(-0.17, 6.56, -11.93)	
31.12364	SmallSquare(Clone)	(-0.17, 6.40, -11.93)	
31.13771	SmallSquare(Clone)	(-0.34, 6.49, -11.93)	
31.14884	SmallSquare(Clone)	(-0.34, 6.64, -11.93)	
31.16261	SmallSquare(Clone)	(-0.28, 6.38, -11.93)	
31.1751	SmallSquare(Clone)	(-0.35, 6.36, -11.93)	
31.19114	SmallSquare(Clone)	(-0.60, 6.37, -11.93)	
31.20498	SmallSquare(Clone)	(-0.84, 6.40, -11.93)	
31.21702	SmallSquare(Clone)	(-0.72, 6.60, -11.93)	
31.22794	SmallSquare(Clone)	(-0.79, 6.48, -11.93)	
31.24365	SmallSquare(Clone)	(-0.77, 6.47, -11.93)	
31.25533	SmallSquare(Clone)	(-0.70, 6.31, -11.93)	
31.26734	SmallSquare(Clone)	(-0.60, 6.27, -11.93)	
31.27944	SmallSquare(Clone)	(-0.42, 6.19, -11.93)	
31.2913	SmallSquare(Clone)	(-0.41, 6.15, -11.93)	
31.30414	SmallSquare(Clone)	(0.82, 6.21, -11.93)	
31.31882	SmallSquare(Clone)	(1.31, 6.01, -11.93)	
31.33316	SmallSquare(Clone)	(1.62, 6.25, -11.93)	
31.34527	SmallSquare(Clone)	(1.62, 6.42, -11.93)	
31.35722	SmallSquare(Clone)	(1.64, 6.33, -11.93)	
31.36905	SmallSquare(Clone)	(1.70, 6.31, -11.93)	
31.38091	SmallSquare(Clone)	(1.77, 6.29, -11.93)	
31.39664	SmallSquare(Clone)	(1.90, 6.08, -11.93)	
31.40927	SmallSquare(Clone)	(2.09, 6.06, -11.93)	
31.42323	SmallSquare(Clone)	(2.22, 5.96, -11.93)	
31.4349	SmallSquare(Clone)	(2.32, 5.92, -11.93)	
31.44817	SmallSquare(Clone)	(2.36, 5.99, -11.93)	
31.45999	SmallSquare(Clone)	(2.38, 6.01, -11.93)	
31.4735	SmallSquare(Clone)	(2.22, 6.10, -11.93)	
31.48889	SmallSquare(Clone)	(2.12, 6.22, -11.93)	
31.50262	SmallSquare(Clone)	(2.16, 5.98, -11.93)	
31.51486	SmallSquare(Clone)	(2.11, 5.04, -11.93)	
31.5271	SmallSquare(Clone)	(1.91, 4.67, -11.93)	
31.5396	SmallSquare(Clone)	(1.19, 3.68, -11.93)	
31.55462	SmallSquare(Clone)	(1.24, 3.50, -11.93)	
31.56574	SmallSquare(Clone)	(1.16, 3.73, -11.93)	
31.57874	SmallSquare(Clone)	(1.20, 3.67, -11.93)	
31.59308	SmallSquare(Clone)	(1.13, 4.22, -11.93)	
31.6052	SmallSquare(Clone)	(1.15, 3.93, -11.93)	
31.61643	SmallSquare(Clone)	(1.14, 3.92, -11.93)	
31.62906	Wall_Front	(3.12, 3.20, -14.46)	
31.64129	Wall_Front	(3.48, 3.05, -14.46)	
31.65577	Wall_Front	(3.27, 3.11, -14.46)	
31.67025	Wall_Front	(3.11, 3.10, -14.46)	
31.6829	Wall_Front	(2.77, 3.27, -14.46)	
31.69587	Wall_Front	(2.56, 2.92, -14.46)	
31.70732	Wall_Front	(3.05, 2.83, -14.46)	
31.71951	Wall_Front	(3.33, 2.71, -14.46)	
31.73227	Wall_Front	(3.40, 2.91, -14.46)	
31.74447	Wall_Front	(3.32, 2.96, -14.46)	
31.75823	Wall_Front	(3.28, 2.45, -14.46)	
31.76993	Wall_Front	(2.85, 2.61, -14.46)	
31.7818	Wall_Front	(2.60, 2.33, -14.46)	
31.7958	Wall_Front	(2.40, 2.69, -14.46)	
33.77751	MixamoFemale01	(0.42, 1.29, -1.81)	
33.78933	Female02	(0.31, 1.67, -0.95)	
33.8029	Wall_Front	(3.13, 3.29, -14.46)	
33.81525	Female02	(0.30, 1.74, -1.00)	
33.82752	Male01	(1.29, 1.70, -1.98)	
33.83913	Male01	(1.34, 1.87, -1.89)	
33.85089	Wall_Front	(6.03, 1.57, -14.46)	
33.86351	Wall_Front	(3.27, 2.32, -14.46)	
33.87788	Wall_Front	(3.32, 2.49, -14.46)	
33.88998	Wall_Front	(2.92, 2.83, -14.46)	
33.90612	Wall_Front	(2.87, 2.78, -14.46)	
33.91894	Wall_Front	(2.83, 2.87, -14.46)	
33.93162	Wall_Front	(2.86, 2.83, -14.46)	
33.94318	Wall_Front	(2.61, 2.86, -14.46)	
33.95696	Wall_Front	(2.45, 3.16, -14.46)	
33.96974	Wall_Front	(2.63, 2.97, -14.46)	
33.9844	Wall_Front	(2.62, 2.15, -14.46)	
33.99779	Wall_Front	(2.44, 0.01, -14.46)	
34.00967	Floor	(2.19, -0.36, -12.18)	
34.02131	MixamoFemale01	(0.33, 0.67, -1.87)	
34.03489	Floor	(1.28, -0.36, -7.47)	
34.04801	Floor	(0.81, -0.36, -6.95)	
34.06338	Floor	(0.73, -0.36, -6.52)	
34.07524	Floor	(0.64, -0.36, -6.48)	
34.08874	Floor	(0.51, -0.36, -6.78)	
34.10145	Floor	(0.40, -0.36, -6.93)	
34.11701	Floor	(0.37, -0.36, -6.68)	
34.12958	Floor	(0.40, -0.36, -6.70)	
34.14128	Floor	(0.32, -0.36, -6.44)	
34.15297	MixamoFemale01	(0.33, 0.56, -1.88)	
34.16617	MixamoFemale01	(0.41, 0.40, -1.81)	
34.17782	Floor	(0.26, -0.36, -3.89)	
34.19234	Floor	(0.28, -0.36, -4.24)	
34.20702	Floor	(0.31, -0.36, -4.16)	
34.21909	Floor	(0.29, -0.36, -4.33)	
34.23283	Female03	(-0.65, 0.98, -0.87)	
34.24457	Female03	(-0.58, 0.97, -0.82)	
34.25787	Female03	(-0.60, 1.01, -0.83)	
34.27018	Female03	(-0.65, 1.00, -0.86)	
34.28417	Female03	(-0.62, 1.01, -0.84)	
34.29695	Female03	(-0.68, 1.05, -0.92)	
34.31019	Female03	(-0.57, 1.01, -0.81)	
34.32804	Floor	(0.54, -0.36, -7.04)	
34.34303	Floor	(0.55, -0.36, -7.44)	
34.35629	Floor	(0.59, -0.36, -8.31)	
34.36999	Female03	(-0.39, 1.16, -0.83)	
34.38578	Floor	(-0.66, -0.36, -14.27)	
34.39956	Wall_Front	(-0.69, 0.08, -14.46)	
34.41229	Female03	(-0.47, 1.80, -0.80)	
34.42899	Wall_Front	(-0.20, 3.18, -14.46)	
34.44064	SmallSquare(Clone)	(-0.65, 3.34, -11.93)	
34.45557	SmallSquare(Clone)	(-0.84, 4.16, -11.93)	
34.46778	SmallSquare(Clone)	(-0.70, 4.42, -11.93)	
34.48121	SmallSquare(Clone)	(-0.89, 4.49, -11.93)	
34.49335	SmallSquare(Clone)	(-0.88, 4.52, -11.93)	
34.50538	SmallSquare(Clone)	(-0.98, 4.55, -11.93)	
34.51876	SmallSquare(Clone)	(-0.73, 4.61, -11.93)	
34.53332	SmallSquare(Clone)	(-0.08, 3.98, -11.93)	
34.54597	SmallSquare(Clone)	(-0.16, 4.16, -11.93)	
34.56095	SmallSquare(Clone)	(-0.24, 4.08, -11.93)	
34.57329	SmallSquare(Clone)	(-0.32, 4.13, -11.93)	
34.58657	SmallSquare(Clone)	(-0.29, 4.14, -11.93)	
34.60204	SmallSquare(Clone)	(-1.05, 5.04, -11.93)	
34.61549	SmallSquare(Clone)	(-1.03, 4.95, -11.93)	
34.62803	SmallSquare(Clone)	(-0.33, 4.71, -11.93)	
34.64006	SmallSquare(Clone)	(-0.05, 5.01, -11.93)	
34.65514	SmallSquare(Clone)	(0.64, 5.72, -11.93)	
34.66877	SmallSquare(Clone)	(0.10, 6.54, -11.93)	
34.68186	SmallSquare(Clone)	(0.32, 6.47, -11.93)	
34.69498	SmallSquare(Clone)	(-0.08, 6.88, -11.93)	
34.70763	SmallSquare(Clone)	(-0.15, 6.77, -11.93)	
34.71923	SmallSquare(Clone)	(-0.69, 6.91, -11.93)	
34.73265	SmallSquare(Clone)	(-0.74, 6.93, -11.93)	
34.7465	SmallSquare(Clone)	(-0.15, 7.04, -11.93)	
34.75887	SmallSquare(Clone)	(-0.05, 6.79, -11.93)	
34.77132	SmallSquare(Clone)	(0.01, 6.80, -11.93)	
34.78611	SmallSquare(Clone)	(0.05, 7.06, -11.93)	
34.79906	SmallSquare(Clone)	(-0.41, 7.24, -11.93)	
34.81144	SmallSquare(Clone)	(-0.56, 7.31, -11.93)	
34.82532	SmallSquare(Clone)	(-0.60, 7.46, -11.93)	
34.8382	screen_projector	(-1.18, 8.76, -14.42)	
34.85066	SmallSquare(Clone)	(-0.45, 7.13, -11.93)	
34.86429	SmallSquare(Clone)	(-0.10, 6.87, -11.93)	
34.8781	SmallSquare(Clone)	(0.76, 7.45, -11.93)	
34.89377	screen_projector	(1.39, 8.77, -14.42)	
34.90764	SmallSquare(Clone)	(0.78, 7.62, -11.93)	
34.92003	screen_projector	(1.15, 8.75, -14.42)	
34.93349	screen_projector	(1.10, 8.74, -14.42)	
34.94482	SmallSquare(Clone)	(0.77, 7.56, -11.93)	
34.9584	SmallSquare(Clone)	(0.78, 7.52, -11.93)	
34.97319	SmallSquare(Clone)	(0.68, 7.58, -11.93)	
34.98766	screen_projector	(0.78, 8.64, -14.42)	
35.00055	screen_projector	(0.73, 8.57, -14.42)	
35.01521	screen_projector	(0.73, 8.56, -14.42)	
35.02888	SmallSquare(Clone)	(0.50, 7.56, -11.93)	
35.0423	SmallSquare(Clone)	(0.51, 7.26, -11.93)	
35.05377	SmallSquare(Clone)	(0.85, 7.18, -11.93)	
35.0658	SmallSquare(Clone)	(0.94, 7.03, -11.93)	
35.07705	SmallSquare(Clone)	(1.03, 6.27, -11.93)	
35.09014	SmallSquare(Clone)	(0.90, 5.49, -11.93)	
35.10487	SmallSquare(Clone)	(0.58, 4.44, -11.93)	
35.1191	SmallSquare(Clone)	(0.86, 4.58, -11.93)	
35.13243	SmallSquare(Clone)	(0.43, 3.85, -11.93)	
35.14522	SmallSquare(Clone)	(0.27, 3.97, -11.93)	
35.15758	SmallSquare(Clone)	(0.28, 3.82, -11.93)	
35.17073	SmallSquare(Clone)	(0.43, 3.74, -11.93)	
35.18293	SmallSquare(Clone)	(0.42, 3.30, -11.93)	
35.19478	SmallSquare(Clone)	(0.13, 3.40, -11.93)	
35.20713	SmallSquare(Clone)	(0.41, 3.56, -11.93)	
35.21922	Wall_Front	(0.10, 3.15, -14.46)	
35.23281	Female03	(-0.56, 1.88, -0.83)	
35.24503	SmallSquare(Clone)	(1.35, 4.02, -11.93)	
35.27095	Wall_Front	(2.39, 3.08, -14.46)	
35.28493	SmallSquare(Clone)	(-0.24, 3.19, -11.93)	
35.29893	Wall_Front	(1.54, 1.72, -14.46)	
35.40423	Female03	(-0.68, 0.85, -0.91)	
35.44201	Wall_Front	(2.06, 0.95, -14.46)	
35.46474	Wall_Front	(-0.39, 2.06, -14.46)	
35.48882	Male01	(-0.66, 1.95, -1.93)	
35.50181	Wall_Front	(0.81, 2.03, -14.46)	
35.56452	Floor	(0.69, -0.36, -5.32)	
35.57663	Floor	(0.67, -0.36, -4.59)	
35.58867	Floor	(0.56, -0.36, -3.82)	
35.60304	Floor	(0.50, -0.36, -3.59)	
35.61898	starting position	(-0.46, 1.32, 1.75)	
35.63215	starting position	(-0.45, 1.32, 1.77)	
35.64611	Floor	(0.38, -0.36, -3.68)	
35.66198	Floor	(0.28, -0.36, -3.48)	
35.67617	Floor	(0.28, -0.36, -3.55)	
35.68851	Floor	(0.01, -0.36, -4.03)	
35.701	Floor	(0.29, -0.36, -3.93)	
35.71391	Floor	(0.40, -0.36, -3.47)	
35.72571	Floor	(0.49, -0.36, -3.78)	
35.73868	Floor	(0.59, -0.36, -3.87)	
35.75084	Floor	(0.63, -0.36, -3.91)	
35.76675	Floor	(0.59, -0.36, -3.88)	
35.78058	Floor	(0.63, -0.36, -4.18)	
35.79256	Floor	(0.53, -0.36, -4.20)	
35.80496	Floor	(0.39, -0.36, -4.66)	
35.8191	Floor	(0.32, -0.36, -4.74)	
35.8339	Floor	(0.59, -0.36, -5.37)	
35.84857	Floor	(0.65, -0.36, -4.95)	
35.86189	Floor	(0.63, -0.36, -5.16)	
35.87371	Floor	(0.80, -0.36, -5.79)	
35.88803	Floor	(0.73, -0.36, -5.66)	
35.89964	Floor	(0.83, -0.36, -5.95)	
35.9137	Floor	(0.69, -0.36, -5.04)	
35.92855	Floor	(0.47, -0.36, -4.82)	
35.94384	Floor	(0.43, -0.36, -4.64)	
35.95702	Female03	(-0.32, 0.87, -0.92)	
35.97076	Floor	(0.04, -0.36, -4.21)	
35.98331	Female03	(-0.40, 0.89, -0.83)	
35.99521	Floor	(0.15, -0.36, -3.92)	
36.01099	Floor	(0.14, -0.36, -3.94)	
36.02398	Floor	(0.07, -0.36, -3.25)	
36.03584	Floor	(0.27, -0.36, -3.25)	
36.04955	starting position	(-0.47, 1.31, 1.78)	
36.06479	starting position	(-0.46, 1.32, 1.72)	
36.07771	Female03	(-0.48, 0.79, -0.80)	
36.10142	Floor	(0.52, -0.36, -3.44)	
36.11569	starting position	(-0.47, 1.32, 1.77)	
36.12765	starting position	(-0.43, 1.32, 1.73)	
36.14154	Floor	(0.13, -0.36, -3.09)	
36.1572	Floor	(0.10, -0.36, -3.14)	
36.17101	Floor	(0.04, -0.36, -3.40)	
36.1826	Floor	(0.14, -0.36, -3.85)	
36.19678	Wall_Front	(1.34, 0.30, -14.46)	
36.21043	Male01	(-0.70, 1.62, -1.96)	
36.22229	Female03	(-0.70, 1.66, -0.98)	
36.23705	Male01	(-0.59, 1.99, -1.89)	
36.24884	SmallSquare(Clone)	(1.20, 6.24, -11.93)	
36.26221	Wall_Front	(1.52, 2.84, -14.46)	
36.27649	Wall_Front	(0.59, 3.03, -14.46)	
36.289	SmallSquare(Clone)	(0.58, 4.52, -11.93)	
36.30153	SmallSquare(Clone)	(0.24, 4.61, -11.93)	
36.31326	Wall_Front	(1.24, 2.37, -14.46)	
36.3267	Female03	(-0.38, 1.66, -0.84)	
36.33951	Female03	(-0.40, 1.61, -0.83)	
36.35404	Female03	(-0.37, 0.98, -0.85)	
36.36808	Female03	(-0.40, 0.48, -0.82)	
36.38188	Floor	(0.40, -0.36, -7.77)	
36.39344	Floor	(0.47, -0.36, -7.64)	
36.40796	Female03	(-0.69, 0.63, -0.93)	
36.42299	Female03	(-0.70, 0.48, -0.98)	
36.43533	Female03	(-0.69, 0.51, -0.93)	
36.44813	Female03	(-0.66, 0.49, -0.88)	
36.46082	Female03	(-0.62, 0.47, -0.84)	
36.47342	Female03	(-0.63, 0.49, -0.84)	
36.48583	Female03	(-0.50, 0.78, -0.80)	
36.49963	Female03	(-0.44, 1.06, -0.81)	
36.51366	Wall_Front	(1.11, 0.38, -14.46)	
36.52796	Wall_Front	(1.76, 2.02, -14.46)	
36.53986	Wall_Front	(3.47, 4.45, -14.46)	
36.55367	Wall_Front	(2.68, 3.29, -14.46)	
36.5661	SmallSquare(Clone)	(2.20, 3.26, -11.93)	
36.57933	Wall_Front	(2.13, 3.29, -14.46)	
36.59524	Wall_Front	(2.36, 0.32, -14.46)	
36.60871	Floor	(1.46, -0.36, -12.81)	
36.62096	Floor	(1.22, -0.36, -10.99)	
36.63439	Floor	(0.77, -0.36, -8.89)	
36.64745	Floor	(1.52, -0.36, -9.73)	
36.66364	Floor	(1.40, -0.36, -9.25)	
36.67554	Floor	(1.45, -0.36, -9.49)	
36.68758	Floor	(0.97, -0.36, -8.38)	
36.69946	Floor	(0.84, -0.36, -7.99)	
36.71243	Floor	(1.32, -0.36, -9.01)	
36.72528	MixamoFemale01	(0.30, 0.93, -1.93)	
36.73924	MixamoFemale01	(0.32, 0.94, -1.89)	
36.75253	Floor	(1.16, -0.36, -7.97)	
36.7647	starting position	(-0.39, 1.32, 1.82)	
36.77649	Floor	(-0.14, -0.36, -1.33)	
36.79062	Floor	(-0.23, -0.36, -1.01)	
36.80545	Female02	(0.30, 0.80, -0.97)	
36.81727	Floor	(0.79, -0.36, -5.13)	
36.83036	Wall_Front	(4.83, 2.47, -14.46)	
36.84411	Wall_Front	(4.57, 2.41, -14.46)	
36.85697	Female02	(0.62, 1.06, -0.84)	
36.87073	starting position	(-0.47, 1.29, 2.35)	
36.88258	Female02	(0.46, 1.73, -0.80)	
36.89767	Floor	(0.77, -0.36, -4.64)	
36.91061	Floor	(-0.23, -0.36, -1.19)	
36.92237	starting position	(-0.47, 1.28, 2.35)	
36.93603	Wall_Front	(4.76, 2.77, -14.46)	
36.94863	Wall_Front	(1.90, 2.45, -14.46)	
36.96068	starting position	(-0.47, 1.31, 2.41)	
36.97234	Wall_Front	(4.81, 2.77, -14.46)	
36.98627	starting position	(-0.46, 1.32, 1.84)	
36.99812	Female02	(0.41, 1.58, -0.82)	
37.01176	Wall_Front	(4.44, 2.52, -14.46)	
37.02415	Female02	(0.36, 1.01, -0.86)	
37.03775	MixamoFemale01	(0.38, 0.25, -1.84)	
37.05126	starting position	(-0.44, 1.32, 1.90)	
37.06437	Floor	(0.67, -0.36, -3.47)	
37.07797	Wall_Front	(4.38, 2.27, -14.46)	
37.09322	MixamoFemale01	(0.39, 1.66, -1.82)	
37.10523	Floor	(1.49, -0.36, -10.98)	
37.11655	Floor	(1.63, -0.36, -9.96)	
37.12897	Female02	(0.39, 1.31, -0.83)	
37.14225	Female02	(0.36, 0.71, -0.86)	
37.15643	Floor	(-0.26, -0.36, -1.10)	
37.17084	starting position	(-0.47, 1.15, 2.23)	
37.18486	starting position	(-0.47, 1.15, 2.27)	
37.19683	starting position	(-0.47, 0.99, 2.34)	
43.19085	starting position	(-0.47, 1.21, 1.82)	
43.20387	Floor	(0.76, -0.36, -2.48)	
43.21535	Female02	(0.34, 0.38, -0.87)	
43.23268	Female02	(0.32, 0.49, -0.90)	
43.24515	starting position	(-0.47, 1.30, 2.09)	
43.25843	starting position	(-0.45, 1.32, 1.98)	
43.27208	starting position	(-0.47, 1.32, 2.06)	
43.28385	starting position	(-0.47, 1.29, 1.77)	
43.29622	MixamoFemale01	(0.52, 0.83, -1.79)	
43.30888	Female02	(0.31, 1.06, -0.95)	
43.32259	Female02	(0.33, 1.05, -0.90)	
43.33462	Female02	(0.38, 1.07, -0.84)	
43.35057	Female02	(0.35, 1.08, -0.86)	
43.3647	Female02	(0.35, 1.22, -0.87)	
43.37738	Female02	(0.33, 1.26, -0.90)	
43.3909	Female02	(0.38, 1.29, -0.84)	
43.4039	Female02	(0.37, 1.31, -0.84)	
43.41801	Female02	(0.46, 1.31, -0.80)	
43.43077	Female02	(0.53, 1.32, -0.80)	
43.44324	Female02	(0.59, 1.29, -0.82)	
43.45613	Female02	(0.57, 1.32, -0.81)	
43.46807	Female02	(0.36, 1.42, -0.86)	
43.48167	Female02	(0.38, 1.42, -0.84)	
43.49423	Female02	(0.38, 1.47, -0.84)	
43.50792	Female02	(0.31, 1.51, -0.95)	
43.62952	MixamoFemale01	(0.36, 0.73, -1.85)	
43.64257	Female02	(0.61, 0.88, -0.83)	
43.65416	MixamoFemale01	(0.31, 0.76, -1.91)	
43.6661	MixamoFemale01	(0.33, 0.82, -1.87)	
43.6799	MixamoFemale01	(0.34, 0.90, -1.87)	
43.69207	MixamoFemale01	(0.31, 0.90, -1.91)	
43.70587	Female02	(0.57, 1.07, -0.81)	
43.71963	Female02	(0.65, 1.06, -0.86)	
43.7333	Female02	(0.58, 1.00, -0.82)	
43.74593	Female02	(0.58, 0.96, -0.82)	
43.75787	starting position	(-0.38, 1.32, 1.74)	
43.77052	starting position	(-0.36, 1.32, 1.73)	
43.78233	starting position	(-0.41, 1.32, 1.84)	
43.79543	starting position	(-0.40, 1.32, 1.83)	
43.80903	Wall_Front	(6.35, 0.37, -14.46)	
43.82036	Wall_Front	(6.40, 1.25, -14.46)	
43.83231	Wall_Front	(6.39, 2.09, -14.46)	
43.84613	Wall_Front	(6.53, 3.55, -14.46)	
43.85941	Wall_Front	(6.34, 3.19, -14.46)	
43.8713	Wall_Front	(6.60, 2.94, -14.46)	
43.88628	Wall_Front	(6.31, 2.44, -14.46)	
43.90086	Female02	(0.35, 1.81, -0.87)	
43.91529	Female02	(0.34, 1.79, -0.88)	
43.92897	Female02	(0.36, 1.79, -0.86)	
43.94158	Female02	(0.37, 1.85, -0.85)	
43.95476	Female02	(0.33, 1.81, -0.89)	
43.96992	Female02	(0.34, 1.84, -0.89)	
43.98342	Female02	(0.31, 1.87, -0.98)	
43.99638	Female02	(0.54, 1.88, -0.81)	
44.00998	Wall_Front	(6.06, 3.20, -14.46)	
44.02347	Female02	(0.57, 1.87, -0.82)	
44.03586	Female02	(0.31, 1.90, -0.99)	
44.04712	MixamoFemale01	(0.52, 1.93, -1.86)	
44.06327	MixamoFemale01	(0.52, 1.93, -1.86)	
44.07552	Wall_Front	(5.98, 2.30, -14.46)	
44.08966	Wall_Front	(6.12, 2.23, -14.46)	
44.10621	MixamoFemale01	(0.54, 1.91, -1.84)	
44.12042	Wall_Front	(2.33, 3.08, -14.46)	
44.13304	Wall_Front	(1.92, 3.27, -14.46)	
44.14525	SmallSquare(Clone)	(1.21, 3.30, -11.93)	
44.15778	SmallSquare(Clone)	(1.07, 3.41, -11.93)	
44.16941	SmallSquare(Clone)	(1.91, 3.45, -11.93)	
44.18143	SmallSquare(Clone)	(1.82, 3.60, -11.93)	
44.19462	SmallSquare(Clone)	(1.66, 4.02, -11.93)	
44.20849	SmallSquare(Clone)	(1.74, 4.03, -11.93)	
44.22163	SmallSquare(Clone)	(1.62, 3.70, -11.93)	
44.23539	SmallSquare(Clone)	(1.91, 3.88, -11.93)	
44.2472	SmallSquare(Clone)	(1.77, 3.48, -11.93)	
44.26035	SmallSquare(Clone)	(1.73, 3.49, -11.93)	
44.27765	SmallSquare(Clone)	(1.56, 3.20, -11.93)	
44.29	SmallSquare(Clone)	(1.33, 3.18, -11.93)	
44.30197	Wall_Front	(1.99, 3.21, -14.46)	
44.31668	Wall_Front	(2.01, 2.86, -14.46)	
44.32909	Wall_Front	(0.96, 3.23, -14.46)	
44.34129	Wall_Front	(0.86, 3.25, -14.46)	
44.35368	Wall_Front	(0.89, 3.29, -14.46)	
44.36674	SmallSquare(Clone)	(0.61, 3.15, -11.93)	
44.38045	SmallSquare(Clone)	(0.51, 3.33, -11.93)	
44.39285	SmallSquare(Clone)	(0.35, 3.38, -11.93)	
44.40576	SmallSquare(Clone)	(0.07, 3.63, -11.93)	
44.41847	SmallSquare(Clone)	(0.13, 3.59, -11.93)	
44.43477	SmallSquare(Clone)	(0.39, 3.46, -11.93)	
44.44714	SmallSquare(Clone)	(0.39, 3.52, -11.93)	
44.45957	SmallSquare(Clone)	(0.36, 3.62, -11.93)	
44.47375	SmallSquare(Clone)	(0.55, 3.73, -11.93)	
44.48564	SmallSquare(Clone)	(0.73, 3.99, -11.93)	
44.49778	SmallSquare(Clone)	(0.84, 4.16, -11.93)	
44.51037	SmallSquare(Clone)	(0.94, 4.05, -11.93)	
44.52152	SmallSquare(Clone)	(1.01, 4.00, -11.93)	
44.53465	SmallSquare(Clone)	(1.02, 3.90, -11.93)	
44.54864	SmallSquare(Clone)	(1.03, 3.96, -11.93)	
44.56204	SmallSquare(Clone)	(1.56, 3.13, -11.93)	
44.57489	SmallSquare(Clone)	(1.55, 4.49, -11.93)	
44.58878	SmallSquare(Clone)	(1.59, 4.46, -11.93)	
44.60098	SmallSquare(Clone)	(1.69, 4.48, -11.93)	
44.61575	SmallSquare(Clone)	(1.59, 4.64, -11.93)	
44.62775	SmallSquare(Clone)	(1.49, 4.60, -11.93)	
44.64219	SmallSquare(Clone)	(0.47, 3.53, -11.93)	
44.65387	Female03	(-0.49, 1.97, -0.89)	
44.66551	Female03	(-0.48, 1.78, -0.80)	
44.67748	Female03	(-0.54, 1.46, -0.80)	
44.68999	Female03	(-0.52, 1.50, -0.80)	
44.70247	Female03	(-0.54, 1.52, -0.80)	
44.7143	Female03	(-0.58, 1.61, -0.82)	
44.72705	Wall_Front	(-0.57, 1.77, -14.46)	
44.73905	Female03	(-0.68, 1.74, -0.92)	
44.75188	Female03	(-0.54, 1.64, -0.81)	
44.76464	Female03	(-0.53, 1.70, -0.80)	
44.7775	Female03	(-0.70, 1.71, -0.96)	
44.79008	Wall_Front	(-0.77, 2.60, -14.46)	
44.80271	Wall_Front	(-0.87, 2.34, -14.46)	
44.81687	Wall_Front	(-0.86, 2.74, -14.46)	
44.8294	Wall_Front	(-0.44, 2.56, -14.46)	
44.84293	Male01	(-0.65, 1.77, -1.87)	
44.85538	Male01	(-0.69, 1.89, -1.97)	
44.8687	Wall_Front	(-0.38, 2.72, -14.46)	
44.88301	Wall_Front	(-1.06, 2.19, -14.46)	
44.89458	Wall_Front	(-0.68, 1.93, -14.46)	
44.90687	Wall_Front	(-0.63, 2.09, -14.46)	
44.91874	Wall_Front	(-1.35, 1.88, -14.46)	
44.9329	Wall_Front	(-0.69, 1.84, -14.46)	
44.94713	Wall_Front	(-1.18, 1.92, -14.46)	
44.97421	screen_projector	(-2.21, 4.52, -14.42)	
44.98688	SmallSquare(Clone)	(-0.03, 5.68, -11.93)	
44.99827	screen_projector	(-2.27, 5.44, -14.42)	
45.01133	screen_projector	(-2.26, 3.95, -14.42)	
45.60602	Wall_Front	(8.17, 14.71, -14.46)	
45.61955	Wall_Front	(9.86, 9.17, -14.46)	
45.63251	Wall_Front	(9.29, 8.53, -14.46)	
45.64502	Wall_Front	(8.15, 8.42, -14.46)	
45.66078	Wall_Front	(7.64, 8.26, -14.46)	
45.67476	Wall_Front	(5.88, 7.97, -14.46)	
45.68998	Wall_Front	(5.75, 7.77, -14.46)	
45.70333	Wall_Front	(8.58, 15.01, -14.46)	
45.71569	Wall_Front	(8.32, 14.52, -14.46)	
45.72865	Wall_Front	(8.25, 14.82, -14.46)	
45.74296	Wall_Front	(7.25, 14.95, -14.46)	
45.75779	Wall_Front	(7.42, 15.92, -14.46)	
45.77017	Wall_Front	(3.75, 13.19, -14.46)	
45.784	Wall_Front	(3.47, 2.99, -14.46)	
45.79718	SmallSquare(Clone)	(2.12, 7.02, -11.93)	
45.8086	SmallSquare(Clone)	(1.96, 7.01, -11.93)	
45.82132	SmallSquare(Clone)	(1.45, 6.57, -11.93)	
45.83533	SmallSquare(Clone)	(1.30, 3.46, -11.93)	
45.84748	SmallSquare(Clone)	(1.49, 3.67, -11.93)	
45.8611	SmallSquare(Clone)	(1.16, 3.42, -11.93)	
45.87424	SmallSquare(Clone)	(1.19, 3.52, -11.93)	
45.88736	SmallSquare(Clone)	(1.27, 3.78, -11.93)	
45.90078	SmallSquare(Clone)	(1.06, 3.74, -11.93)	
45.91384	SmallSquare(Clone)	(1.09, 3.82, -11.93)	
45.92609	SmallSquare(Clone)	(1.00, 3.73, -11.93)	
45.93901	SmallSquare(Clone)	(1.10, 4.13, -11.93)	
45.95222	SmallSquare(Clone)	(0.89, 4.22, -11.93)	
45.96467	SmallSquare(Clone)	(0.84, 4.33, -11.93)	
45.97807	SmallSquare(Clone)	(0.85, 4.31, -11.93)	
45.99262	SmallSquare(Clone)	(0.96, 4.24, -11.93)	
46.00688	SmallSquare(Clone)	(0.92, 4.69, -11.93)	
46.02053	SmallSquare(Clone)	(0.93, 4.56, -11.93)	
46.03204	SmallSquare(Clone)	(0.93, 4.66, -11.93)	
46.04474	SmallSquare(Clone)	(0.85, 4.56, -11.93)	
46.05725	SmallSquare(Clone)	(1.01, 4.62, -11.93)	
46.07172	SmallSquare(Clone)	(1.01, 4.90, -11.93)	
46.08565	SmallSquare(Clone)	(1.06, 4.99, -11.93)	
46.09834	SmallSquare(Clone)	(0.93, 5.15, -11.93)	
46.10972	SmallSquare(Clone)	(1.08, 5.22, -11.93)	
46.12151	SmallSquare(Clone)	(0.97, 5.35, -11.93)	
46.13465	SmallSquare(Clone)	(0.79, 6.16, -11.93)	
46.14653	SmallSquare(Clone)	(0.77, 6.54, -11.93)	
46.15863	screen_projector	(1.56, 8.97, -14.42)	
46.17182	SmallSquare(Clone)	(0.77, 6.95, -11.93)	
46.1852	SmallSquare(Clone)	(0.62, 6.55, -11.93)	
46.19781	SmallSquare(Clone)	(0.47, 6.53, -11.93)	
46.20904	SmallSquare(Clone)	(0.42, 6.49, -11.93)	
46.22114	SmallSquare(Clone)	(0.43, 6.43, -11.93)	
46.23536	SmallSquare(Clone)	(0.49, 6.36, -11.93)	
46.24737	SmallSquare(Clone)	(0.72, 6.26, -11.93)	
46.26126	SmallSquare(Clone)	(1.13, 6.10, -11.93)	
46.2745	SmallSquare(Clone)	(1.06, 6.06, -11.93)	
46.28688	SmallSquare(Clone)	(1.04, 5.96, -11.93)	
46.29885	SmallSquare(Clone)	(1.06, 5.93, -11.93)	
46.31199	SmallSquare(Clone)	(1.34, 5.93, -11.93)	
46.32471	SmallSquare(Clone)	(1.49, 6.01, -11.93)	
46.33796	SmallSquare(Clone)	(1.57, 5.98, -11.93)	
46.35135	SmallSquare(Clone)	(1.36, 5.83, -11.93)	
46.36658	SmallSquare(Clone)	(1.23, 5.98, -11.93)	
46.37989	SmallSquare(Clone)	(1.28, 5.88, -11.93)	
46.39213	SmallSquare(Clone)	(1.34, 5.82, -11.93)	
46.40639	SmallSquare(Clone)	(1.36, 5.79, -11.93)	
46.42128	SmallSquare(Clone)	(1.52, 5.51, -11.93)	
46.43426	SmallSquare(Clone)	(1.18, 4.45, -11.93)	
46.45104	SmallSquare(Clone)	(0.35, 3.77, -11.93)	
46.46311	SmallSquare(Clone)	(0.23, 3.63, -11.93)	
46.47807	SmallSquare(Clone)	(0.17, 3.81, -11.93)	
46.48994	SmallSquare(Clone)	(0.12, 3.63, -11.93)	
46.50286	SmallSquare(Clone)	(0.69, 3.43, -11.93)	
46.51572	SmallSquare(Clone)	(0.07, 3.56, -11.93)	
46.53016	SmallSquare(Clone)	(0.11, 3.49, -11.93)	
46.54419	Wall_Front	(1.41, 3.32, -14.46)	
46.55782	SmallSquare(Clone)	(1.05, 3.22, -11.93)	
46.57091	Wall_Front	(1.08, 3.19, -14.46)	
46.58255	Wall_Front	(1.03, 3.20, -14.46)	
46.59706	Wall_Front	(1.11, 3.02, -14.46)	
46.61145	Female03	(-0.46, 1.96, -0.89)	
46.62569	Wall_Front	(1.45, 3.00, -14.46)	
46.63737	Wall_Front	(1.41, 3.06, -14.46)	
46.65165	Wall_Front	(1.31, 3.03, -14.46)	
46.66808	Wall_Front	(1.37, 3.04, -14.46)	
46.68142	Wall_Front	(1.10, 2.99, -14.46)	
46.6962	Wall_Front	(0.70, 2.91, -14.46)	
46.70875	Wall_Front	(0.75, 3.07, -14.46)	
46.72178	Wall_Front	(0.85, 3.17, -14.46)	
46.73647	Wall_Front	(1.14, 3.06, -14.46)	
46.74906	Wall_Front	(1.36, 3.07, -14.46)	
46.76168	Wall_Front	(1.43, 3.30, -14.46)	
46.77386	Wall_Front	(1.37, 3.34, -14.46)	
46.78694	SmallSquare(Clone)	(1.44, 3.13, -11.96)	
46.79896	SmallSquare(Clone)	(1.50, 3.28, -11.93)	
46.81048	Wall_Front	(2.13, 3.29, -14.46)	
46.82227	Wall_Front	(1.78, 3.27, -14.46)	
46.83635	SmallSquare(Clone)	(0.90, 3.19, -11.93)	
46.8491	SmallSquare(Clone)	(0.79, 3.24, -11.93)	
46.86248	SmallSquare(Clone)	(0.77, 3.25, -11.93)	
46.87556	SmallSquare(Clone)	(0.81, 3.42, -11.93)	
46.88974	SmallSquare(Clone)	(0.83, 3.39, -11.93)	
46.90269	SmallSquare(Clone)	(0.80, 3.62, -11.93)	
46.9162	SmallSquare(Clone)	(0.75, 3.74, -11.93)	
46.93174	SmallSquare(Clone)	(0.59, 3.72, -11.93)	
46.94655	SmallSquare(Clone)	(0.56, 3.56, -11.93)	
46.95914	SmallSquare(Clone)	(1.06, 4.63, -11.93)	
46.97167	SmallSquare(Clone)	(1.38, 4.72, -11.93)	
46.98458	SmallSquare(Clone)	(1.52, 4.58, -11.93)	
46.99675	SmallSquare(Clone)	(1.49, 4.55, -11.93)	
47.0092	SmallSquare(Clone)	(1.50, 4.48, -11.93)	
47.02406	SmallSquare(Clone)	(1.41, 4.24, -11.93)	
47.0394	SmallSquare(Clone)	(1.25, 4.30, -11.93)	
47.0654	SmallSquare(Clone)	(1.25, 4.58, -11.93)	
time_unity	object	position	
1.100978	Floor	(4.44, -0.36, -0.90)	
1.112285	Floor	(1.94, -0.36, -0.03)	
1.120548	Floor	(3.22, -0.36, -1.08)	
1.129446	Floor	(1.99, -0.36, -0.79)	
1.137481	Floor	(2.05, -0.36, -0.78)	
1.14657	Floor	(2.10, -0.36, -0.76)	
1.155807	Floor	(2.13, -0.36, -0.75)	
1.167008	Floor	(1.78, -0.36, 0.19)	
1.178067	Floor	(1.29, -0.36, 0.36)	
1.189086	Floor	(0.99, -0.36, 0.35)	
1.20029	Floor	(0.29, -0.36, 0.21)	
1.211522	Floor	(0.17, -0.36, 0.21)	
1.222514	Floor	(0.19, -0.36, 0.21)	
1.233781	Floor	(0.13, -0.36, 0.27)	
1.24964	Floor	(0.11, -0.36, 0.40)	
1.264334	Floor	(0.08, -0.36, 0.47)	
1.271907	Floor	(0.03, -0.36, 0.49)	
1.280348	Floor	(-0.04, -0.36, 0.45)	
1.289441	Floor	(-0.05, -0.36, 0.44)	
1.300524	Floor	(-0.07, -0.36, 0.30)	
1.311705	Floor	(-0.15, -0.36, 0.33)	
1.322555	Floor	(-0.22, -0.36, 0.46)	
1.33356	Floor	(-0.24, -0.36, 0.74)	
1.344925	Floor	(-0.36, -0.36, 0.77)	
1.356442	Floor	(-0.65, -0.36, 0.77)	
1.367224	Floor	(-0.93, -0.36, 0.89)	
1.378283	Floor	(-1.02, -0.36, 0.98)	
1.389789	Floor	(-1.09, -0.36, 1.00)	
1.403446	Floor	(-1.04, -0.36, 1.01)	
1.411494	Floor	(-1.05, -0.36, 0.99)	
1.422217	Floor	(-1.08, -0.36, 0.96)	
1.433465	Floor	(-1.09, -0.36, 0.70)	
1.444527	Floor	(-1.11, -0.36, 0.70)	
1.45781	Floor	(-1.12, -0.36, 0.73)	
1.466611	Floor	(-1.14, -0.36, 0.74)	
1.477792	Floor	(-1.15, -0.36, 0.74)	
1.489068	Floor	(-1.18, -0.36, 0.73)	
1.500131	Floor	(-1.15, -0.36, 0.69)	
1.511202	Floor	(-1.13, -0.36, 0.67)	
1.522296	Floor	(-1.15, -0.36, 0.67)	
1.533304	Floor	(-1.16, -0.36, 0.70)	
1.544535	Floor	(-1.15, -0.36, 0.68)	
1.558662	Floor	(-1.14, -0.36, 0.77)	
1.56758	Floor	(-1.15, -0.36, 0.80)	
1.577809	Floor	(-1.16, -0.36, 0.68)	
1.588873	Floor	(-1.11, -0.36, 0.49)	
1.599952	Floor	(-0.97, -0.36, 0.30)	
1.611528	Floor	(-0.92, -0.36, 0.18)	
1.622238	Floor	(-0.87, -0.36, -0.06)	
1.633313	Floor	(-0.89, -0.36, -0.38)	
1.644435	Floor	(-0.91, -0.36, -0.48)	
1.655525	Floor	(-0.91, -0.36, -0.50)	
1.668142	Floor	(-0.92, -0.36, -0.50)	
1.678182	Floor	(-0.98, -0.36, -0.87)	
1.689915	Floor	(-1.03, -0.36, -1.09)	
1.701281	Floor	(-0.97, -0.36, -1.10)	
1.716059	Floor	(-0.88, -0.36, -0.71)	
1.725203	Floor	(-0.94, -0.36, -1.00)	
1.735491	Floor	(-0.94, -0.36, -1.07)	
1.747311	Floor	(-0.84, -0.36, -0.90)	
1.759326	Floor	(-0.85, -0.36, -0.85)	
1.771352	Floor	(-0.80, -0.36, -0.85)	
1.781971	Floor	(-0.81, -0.36, -1.17)	
1.793705	Floor	(-0.92, -0.36, -1.60)	
1.805807	Male03	(-1.37, 0.30, -0.84)	
1.817133	Male03	(-1.56, 0.47, -0.81)	
1.828635	Female01	(-1.56, 0.21, -1.91)	
1.840893	Floor	(-1.33, -0.36, -2.96)	
1.852276	Floor	(-1.37, -0.36, -2.93)	
1.86793	Floor	(-1.38, -0.36, -2.75)	
1.882092	Floor	(-1.43, -0.36, -2.81)	
1.896382	Floor	(-1.53, -0.36, -3.00)	
1.90953	Floor	(-1.58, -0.36, -3.08)	
1.921937	Floor	(-1.51, -0.36, -3.19)	
1.937603	Floor	(-1.47, -0.36, -3.26)	
1.954547	Female01	(-1.63, 0.66, -1.85)	
1.968665	Female01	(-1.56, 0.93, -1.81)	
1.982131	Male03	(-1.70, 1.18, -1.01)	
1.994311	Male03	(-1.65, 1.16, -0.87)	
2.007121	Male03	(-1.65, 1.20, -0.87)	
2.02393	Male03	(-1.65, 1.22, -0.87)	
2.037397	Male03	(-1.55, 1.20, -0.81)	
2.05123	Male03	(-1.58, 1.21, -0.81)	
2.065037	Male03	(-1.57, 1.23, -0.81)	
2.07942	Male03	(-1.63, 1.23, -0.85)	
2.09666	Male03	(-1.61, 1.23, -0.83)	
2.110668	Male03	(-1.55, 1.20, -0.81)	
2.122461	Male03	(-1.53, 1.19, -0.80)	
2.135623	Male03	(-1.52, 1.18, -0.80)	
2.148521	Male03	(-1.49, 1.18, -0.80)	
2.163005	Male03	(-1.52, 1.19, -0.80)	
2.17794	Male03	(-1.56, 1.20, -0.81)	
2.191988	Male03	(-1.55, 1.20, -0.81)	
2.204133	Male03	(-1.52, 1.22, -0.80)	
2.218119	Male03	(-1.53, 1.21, -0.80)	
2.230333	Male03	(-1.54, 1.22, -0.80)	
2.243998	Male03	(-1.54, 1.23, -0.80)	
2.257277	Male03	(-1.54, 1.23, -0.80)	
2.269095	Male03	(-1.52, 1.22, -0.80)	
2.280566	Male03	(-1.52, 1.20, -0.80)	
2.294036	Male03	(-1.50, 1.19, -0.80)	
2.305957	Male03	(-1.50, 1.16, -0.80)	
2.320927	Male03	(-1.56, 0.95, -0.81)	
2.33974	Male03	(-1.65, 0.73, -0.87)	
2.354342	Male03	(-1.70, 0.51, -0.98)	
2.366128	Male03	(-1.69, 0.54, -0.95)	
2.378346	Male03	(-1.70, 0.49, -0.96)	
2.390845	Male03	(-1.65, 0.80, -0.87)	
2.403925	Male03	(-1.70, 0.45, -1.01)	
2.416392	Female01	(-1.56, 0.39, -1.81)	
2.429997	Male03	(-1.70, 0.72, -0.98)	
2.443953	Male03	(-1.47, 1.04, -0.80)	
2.460582	Male03	(-1.54, 0.46, -0.80)	
2.476986	Male03	(-1.55, 0.46, -0.81)	
2.494992	Floor	(-1.63, -0.36, -1.02)	
2.507975	Male03	(-1.54, 0.41, -0.80)	
2.519624	Male03	(-1.54, 0.42, -0.80)	
2.532377	Floor	(-1.43, -0.36, -2.48)	
2.546417	Male03	(-1.56, 0.42, -0.81)	
2.560918	Male03	(-1.53, 0.41, -0.80)	
2.574194	Male03	(-1.53, 0.36, -0.80)	
2.586088	Male03	(-1.52, 0.35, -0.80)	
2.599259	Male03	(-1.51, 0.37, -0.80)	
2.611314	Male03	(-1.51, 0.37, -0.80)	
2.623766	Male03	(-1.50, 0.35, -0.80)	
2.636759	Male03	(-1.48, 0.35, -0.80)	
2.652175	Male03	(-1.49, 0.30, -0.80)	
2.666115	Male03	(-1.45, 0.19, -0.84)	
2.677913	Floor	(-1.23, -0.36, -1.32)	
2.689829	Floor	(-1.35, -0.36, -0.99)	
2.701551	Floor	(-1.71, -0.36, -0.89)	
2.715929	Floor	(-1.76, -0.36, -0.90)	
2.728044	Floor	(-1.79, -0.36, -0.87)	
2.739489	Floor	(-1.79, -0.36, -0.90)	
2.751396	Floor	(-1.84, -0.36, -0.91)	
2.763695	Floor	(-1.87, -0.36, -0.93)	
2.778502	Floor	(-1.88, -0.36, -0.91)	
2.792681	Floor	(-1.85, -0.36, -0.81)	
2.807708	Floor	(-1.85, -0.36, -0.72)	
2.81927	Floor	(-1.87, -0.36, -0.74)	
2.832068	Floor	(-1.88, -0.36, -0.75)	
2.844229	Floor	(-1.91, -0.36, -0.76)	
2.856899	Floor	(-2.01, -0.36, -0.89)	
2.869038	Floor	(-2.05, -0.36, -0.93)	
2.881542	Floor	(-2.16, -0.36, -0.93)	
2.895579	Floor	(-2.35, -0.36, -1.12)	
2.909473	Floor	(-2.55, -0.36, -1.36)	
2.925331	Floor	(-2.70, -0.36, -1.35)	
2.938175	Floor	(-2.81, -0.36, -1.30)	
2.950586	Floor	(-2.91, -0.36, -1.49)	
2.966871	Floor	(-2.93, -0.36, -1.50)	
2.978389	Floor	(-2.96, -0.36, -1.51)	
2.990782	Floor	(-2.95, -0.36, -1.46)	
3.004104	Floor	(-2.89, -0.36, -1.38)	
3.01686	Floor	(-2.99, -0.36, -1.40)	
3.028949	Floor	(-3.05, -0.36, -1.42)	
3.0412	Floor	(-3.12, -0.36, -1.54)	
3.052808	Floor	(-3.22, -0.36, -1.57)	
3.06484	Floor	(-3.29, -0.36, -1.60)	
3.076336	Floor	(-2.98, -0.36, -1.34)	
3.088051	Floor	(-3.06, -0.36, -1.41)	
3.100192	Floor	(-3.04, -0.36, -1.36)	
3.112382	Floor	(-3.08, -0.36, -1.45)	
3.128754	Floor	(-3.10, -0.36, -1.39)	
3.141069	Floor	(-3.62, -0.36, -1.63)	
3.155948	Floor	(-3.64, -0.36, -1.61)	
3.167952	Floor	(-3.78, -0.36, -1.74)	
3.179699	Floor	(-3.81, -0.36, -1.75)	
3.192175	Floor	(-3.79, -0.36, -1.69)	
3.204683	Floor	(-3.80, -0.36, -1.71)	
3.216489	Floor	(-3.83, -0.36, -1.71)	
3.234705	Floor	(-3.85, -0.36, -1.72)	
3.251632	Floor	(-3.93, -0.36, -1.76)	
3.26774	Floor	(-3.91, -0.36, -1.80)	
3.283244	Floor	(-3.51, -0.36, -1.53)	
3.294736	Floor	(-3.52, -0.36, -1.57)	
3.306644	Floor	(-3.63, -0.36, -1.64)	
3.318328	Floor	(-3.64, -0.36, -1.59)	
3.33216	Floor	(-3.61, -0.36, -1.59)	
3.344121	Floor	(-3.56, -0.36, -1.60)	
3.35782	Floor	(-3.55, -0.36, -1.61)	
3.371935	Floor	(-3.41, -0.36, -1.71)	
3.384307	Floor	(-2.90, -0.36, -2.31)	
3.397458	Floor	(-2.64, -0.36, -2.83)	
3.409814	Floor	(-2.32, -0.36, -4.47)	
3.422282	Floor	(-1.98, -0.36, -5.29)	
3.437803	Floor	(-1.05, -0.36, -6.03)	
3.449586	Male03	(-1.61, 1.11, -0.83)	
3.461591	Male03	(-1.43, 1.14, -0.81)	
3.477397	Male01	(-0.68, 0.89, -1.91)	
3.489423	Male01	(-0.66, 0.91, -1.88)	
3.502307	Male01	(-0.67, 0.91, -1.90)	
3.514531	Female03	(-0.70, 1.11, -1.01)	
3.526453	Floor	(3.19, -0.36, -7.31)	
3.539867	Male01	(-0.41, 0.92, -1.82)	
3.554653	Floor	(3.10, -0.36, -7.36)	
3.566202	Floor	(3.16, -0.36, -7.16)	
3.578298	Female03	(-0.65, 1.14, -0.87)	
3.595759	MixamoFemale01	(0.53, 0.87, -1.79)	
3.611044	Floor	(5.35, -0.36, -6.25)	
3.627205	Female03	(-0.50, 1.17, -0.80)	
3.643567	Female03	(-0.48, 1.19, -0.80)	
3.656676	MixamoFemale01	(0.50, 1.00, -1.79)	
3.669549	Floor	(6.71, -0.36, -8.00)	
3.68107	Female02	(0.30, 1.16, -0.96)	
3.69314	Female02	(0.31, 1.16, -0.94)	
3.704893	Female02	(0.51, 1.17, -0.80)	
3.716392	Floor	(7.11, -0.36, -3.68)	
3.730583	Floor	(7.19, -0.36, -2.35)	
3.745594	Floor	(6.34, -0.36, -0.41)	
3.75588	Floor	(6.42, -0.36, 0.19)	
3.765282	Floor	(6.17, -0.36, 1.01)	
3.774046	Floor	(5.35, -0.36, 1.46)	
3.782294	Floor	(5.38, -0.36, 0.36)	
3.790937	Floor	(5.38, -0.36, 0.64)	
3.798713	Floor	(5.42, -0.36, 1.06)	
3.809962	Floor	(5.29, -0.36, 1.14)	
3.8212	Floor	(5.09, -0.36, 1.42)	
3.832328	Floor	(5.13, -0.36, 1.70)	
3.84338	Floor	(5.38, -0.36, 1.75)	
3.854418	starting position	(-0.47, 1.18, 1.70)	
3.86553	starting position	(-0.47, 1.17, 1.79)	
3.876738	starting position	(-0.47, 1.19, 1.79)	
3.887897	starting position	(-0.47, 1.18, 1.70)	
3.902098	starting position	(-0.29, 1.17, 1.70)	
3.91009	starting position	(-0.47, 1.19, 1.74)	
3.920995	starting position	(-0.47, 1.15, 1.95)	
3.93208	starting position	(-0.47, 1.09, 2.08)	
3.944733	starting position	(-0.47, 1.03, 2.13)	
3.954412	starting position	(-0.47, 1.00, 2.16)	
3.965343	starting position	(-0.47, 1.00, 2.18)	
3.976366	starting position	(-0.47, 1.00, 2.21)	
3.987802	starting position	(-0.47, 0.97, 2.28)	
3.998821	starting position	(-0.47, 0.90, 2.52)	
4.009908	starting position	(-0.47, 0.95, 2.27)	
4.020951	starting position	(-0.47, 0.93, 2.28)	
4.03194	starting position	(-0.47, 0.94, 2.31)	
4.043168	starting position	(-0.47, 0.93, 2.43)	
4.057804	Floor	(2.56, -0.36, 4.87)	
4.065052	Floor	(2.67, -0.36, 4.98)	
4.076396	starting position	(-0.47, 0.95, 2.69)	
4.08759	starting position	(-0.47, 0.96, 2.67)	
4.098604	Floor	(2.97, -0.36, 5.67)	
4.110077	Floor	(3.01, -0.36, 6.84)	
4.437004	Wall_Left	(10.74, 1.02, 2.19)	
4.44805	Wall_Left	(10.74, 1.26, 2.94)	
4.459194	Wall_Left	(10.74, 1.15, 2.37)	
4.470234	Wall_Left	(10.74, 1.36, 2.10)	
4.481252	Wall_Left	(10.74, 1.50, 1.89)	
4.492721	Wall_Left	(10.74, 1.35, 0.82)	
4.503715	Wall_Left	(10.74, 1.41, 0.64)	
4.514797	Wall_Left	(10.74, 1.53, 0.38)	
4.52938	Wall_Left	(10.74, 1.54, 0.44)	
4.538569	Wall_Left	(10.74, 1.56, 0.23)	
4.548271	Wall_Left	(10.74, 1.54, 0.52)	
4.561135	Wall_Left	(10.74, 1.71, 0.23)	
4.570185	Wall_Left	(10.74, 1.75, 0.12)	
4.581442	Wall_Left	(10.74, 1.80, -0.12)	
4.592517	Wall_Left	(10.74, 1.85, -0.48)	
4.603656	Wall_Left	(10.74, 1.83, -0.74)	
4.6149	Wall_Left	(10.74, 1.84, -0.95)	
4.625924	Wall_Left	(10.74, 1.96, -0.94)	
4.636935	Wall_Left	(10.74, 2.02, -1.19)	
4.64799	Wall_Left	(10.74, 2.05, -1.42)	
4.659306	Wall_Left	(10.74, 2.03, -1.78)	
4.671097	Wall_Left	(10.74, 2.07, -2.02)	
4.684693	Wall_Left	(10.74, 2.13, -2.01)	
4.692767	Wall_Left	(10.74, 2.09, -1.65)	
4.703657	Wall_Left	(10.74, 1.91, -1.49)	
4.714691	Wall_Left	(10.74, 1.87, -1.49)	
4.726254	Wall_Left	(10.74, 1.94, -1.58)	
4.737111	Wall_Left	(10.74, 1.95, -1.75)	
4.748279	Wall_Left	(10.74, 1.94, -1.96)	
4.759327	Wall_Left	(10.74, 1.77, -2.06)	
4.77284	Wall_Left	(10.74, 1.69, -2.15)	
4.783219	Wall_Left	(10.74, 1.61, -2.65)	
4.793304	Wall_Left	(10.74, 1.60, -2.89)	
4.804039	Wall_Left	(10.74, 1.62, -2.78)	
4.814817	Wall_Left	(10.74, 1.52, -2.33)	
4.826019	Wall_Left	(10.74, 1.65, -2.46)	
4.840693	Wall_Left	(10.74, 1.64, -2.63)	
4.848295	Wall_Left	(10.74, 1.58, -2.79)	
4.85932	Wall_Left	(10.74, 1.68, -3.08)	
4.870642	Wall_Left	(10.74, 1.56, -3.28)	
4.881815	Wall_Left	(10.74, 1.52, -3.38)	
4.893481	Wall_Left	(10.74, 1.54, -3.37)	
4.904217	Wall_Left	(10.74, 1.52, -3.43)	
4.915872	Wall_Left	(10.74, 1.44, -3.68)	
4.926587	Wall_Left	(10.74, 1.40, -3.79)	
4.937612	Wall_Left	(10.74, 1.33, -4.12)	
4.948962	Wall_Left	(10.74, 1.54, -5.69)	
4.959852	Male02	(1.54, 1.60, -0.80)	
4.972485	Male02	(1.49, 1.59, -0.80)	
4.982296	Male02	(1.47, 1.60, -0.80)	
4.996572	Male02	(1.42, 1.59, -0.82)	
5.006193	Male02	(1.38, 1.59, -0.84)	
5.016166	Male02	(1.31, 1.31, -1.06)	
5.02669	Female02	(0.43, 1.09, -0.81)	
5.037446	Female02	(0.30, 0.86, -1.03)	
5.048648	Female03	(-0.41, 0.74, -0.82)	
5.060898	Female03	(-0.56, 0.62, -0.81)	
5.072343	Female03	(-0.60, 0.57, -0.83)	
5.083282	Female03	(-0.62, 0.57, -0.84)	
5.093466	Female03	(-0.59, 0.54, -0.82)	
5.104832	Female03	(-0.62, 0.54, -0.84)	
5.116118	Female03	(-0.60, 0.50, -0.83)	
5.127415	Female03	(-0.60, 0.49, -0.82)	
5.139106	Female03	(-0.60, 0.47, -0.82)	
5.153418	Female03	(-0.63, 0.49, -0.85)	
5.165425	Female03	(-0.63, 0.51, -0.85)	
5.18131	Female03	(-0.61, 0.51, -0.83)	
5.194364	Female03	(-0.66, 0.49, -0.88)	
5.205841	Female03	(-0.66, 0.50, -0.88)	
5.216687	Female03	(-0.63, 0.49, -0.85)	
5.233417	Female03	(-0.59, 0.48, -0.82)	
5.245129	Female03	(-0.57, 0.49, -0.81)	
5.256628	Female03	(-0.54, 0.48, -0.80)	
5.270139	Female03	(-0.59, 0.49, -0.82)	
5.281857	Female03	(-0.62, 0.50, -0.84)	
5.295431	Female03	(-0.69, 0.56, -0.95)	
5.313093	Male01	(-0.56, 0.67, -1.81)	
5.32413	Male01	(-0.69, 0.68, -1.93)	
5.33576	Floor	(0.77, -0.36, -5.37)	
5.347634	Male01	(-0.70, 0.65, -1.99)	
5.358852	Male03	(-1.45, 1.05, -0.81)	
5.371393	Male03	(-1.43, 1.03, -0.81)	
5.385058	Male03	(-1.44, 1.02, -0.81)	
5.397319	Male03	(-1.43, 1.03, -0.81)	
5.411273	Male03	(-1.42, 1.02, -0.82)	
5.424272	Male03	(-1.40, 1.03, -0.83)	
5.438533	Male03	(-1.42, 1.02, -0.82)	
5.450945	Male03	(-1.46, 1.02, -0.81)	
5.466153	Male03	(-1.44, 1.01, -0.81)	
5.477649	Male03	(-1.44, 1.02, -0.81)	
5.490851	Male03	(-1.42, 1.02, -0.82)	
5.503717	Male03	(-1.42, 1.02, -0.82)	
5.515018	Male03	(-1.42, 1.01, -0.82)	
5.527023	Male03	(-1.44, 1.02, -0.81)	
5.539009	Male03	(-1.47, 1.00, -0.80)	
5.550769	Male03	(-1.48, 1.02, -0.80)	
5.562816	Male03	(-1.52, 1.01, -0.80)	
5.574717	Male03	(-1.53, 1.01, -0.80)	
5.588022	Male03	(-1.56, 1.01, -0.81)	
5.600069	Male03	(-1.58, 1.01, -0.82)	
5.611928	Male03	(-1.70, 0.97, -1.00)	
5.62956	Floor	(-1.22, -0.36, -5.20)	
5.643498	Floor	(-1.28, -0.36, -5.03)	
5.655988	Floor	(-1.38, -0.36, -5.12)	
5.669597	Floor	(-1.34, -0.36, -5.06)	
5.684365	Floor	(-1.40, -0.36, -5.01)	
5.69828	Floor	(-1.51, -0.36, -5.15)	
5.710821	Floor	(-1.47, -0.36, -5.25)	
5.722641	Floor	(-1.49, -0.36, -5.17)	
5.736139	Floor	(-1.55, -0.36, -5.29)	
5.748487	Floor	(-1.58, -0.36, -5.30)	
5.762111	Floor	(-1.55, -0.36, -5.40)	
5.779088	Floor	(-1.59, -0.36, -5.25)	
5.793168	Floor	(-1.64, -0.36, -5.33)	
5.805135	Floor	(-1.64, -0.36, -5.51)	
5.816732	Floor	(-1.64, -0.36, -5.36)	
5.829079	Floor	(-1.65, -0.36, -5.36)	
5.843122	Floor	(-1.64, -0.36, -5.33)	
5.854506	Floor	(-1.63, -0.36, -5.24)	
5.868526	Floor	(-1.61, -0.36, -5.42)	
5.879724	Floor	(-1.58, -0.36, -5.56)	
5.892176	Floor	(-1.61, -0.36, -5.53)	
5.903713	Floor	(-1.64, -0.36, -5.53)	
5.915557	Floor	(-1.69, -0.36, -5.57)	
5.931019	Floor	(-1.65, -0.36, -5.61)	
5.943295	Floor	(-1.63, -0.36, -5.59)	
5.95673	Floor	(-1.69, -0.36, -5.58)	
5.972155	Floor	(-1.65, -0.36, -5.49)	
5.989011	Floor	(-1.70, -0.36, -5.44)	
6.003425	Floor	(-1.69, -0.36, -5.28)	
6.017045	Floor	(-1.63, -0.36, -5.27)	
6.029185	Floor	(-1.62, -0.36, -5.18)	
6.042387	Floor	(-1.29, -0.36, -4.80)	
6.054172	Female01	(-1.62, 0.56, -1.84)	
6.068773	Male03	(-1.69, 0.79, -0.94)	
6.083707	Male03	(-1.64, 0.70, -0.86)	
6.095296	Male03	(-1.64, 0.74, -0.86)	
6.107287	Male03	(-1.62, 0.71, -0.84)	
6.11936	Male03	(-1.60, 0.72, -0.83)	
6.131234	Male03	(-1.57, 0.70, -0.81)	
6.14329	Male03	(-1.55, 0.66, -0.81)	
6.155185	Male03	(-1.57, 0.67, -0.81)	
6.167244	Male03	(-1.60, 0.68, -0.83)	
6.178765	Male03	(-1.61, 0.66, -0.83)	
6.191475	Male03	(-1.63, 0.63, -0.85)	
6.205021	Male03	(-1.62, 0.63, -0.84)	
6.217505	Male03	(-1.60, 0.59, -0.83)	
6.230185	Male03	(-1.60, 0.56, -0.83)	
6.245173	Male03	(-1.50, 0.51, -0.80)	
6.258623	Male03	(-1.52, 0.48, -0.80)	
6.270353	Male03	(-1.52, 0.47, -0.80)	
6.283984	Male03	(-1.55, 0.48, -0.81)	
6.29938	Male03	(-1.58, 0.46, -0.82)	
6.311098	Male03	(-1.62, 0.46, -0.84)	
6.323238	Floor	(-1.65, -0.36, -1.99)	
6.336137	Floor	(-2.01, -0.36, -1.70)	
6.348732	Floor	(-2.36, -0.36, -1.50)	
6.360156	Floor	(-2.58, -0.36, -1.48)	
6.37274	Floor	(-2.84, -0.36, -1.43)	
6.385578	Floor	(-3.25, -0.36, -1.28)	
6.402387	Floor	(-3.22, -0.36, -1.21)	
6.418438	Floor	(-3.36, -0.36, -1.13)	
6.432911	Floor	(-3.37, -0.36, -1.14)	
6.445653	Floor	(-3.38, -0.36, -1.03)	
6.457611	Floor	(-3.37, -0.36, -0.93)	
6.46951	Floor	(-3.37, -0.36, -0.89)	
6.482187	Floor	(-3.38, -0.36, -0.89)	
6.495584	Floor	(-3.44, -0.36, -0.93)	
6.5089	Floor	(-3.52, -0.36, -0.93)	
6.520599	Floor	(-3.63, -0.36, -0.92)	
6.532977	Floor	(-3.69, -0.36, -0.94)	
6.545743	Floor	(-3.71, -0.36, -0.91)	
6.561043	Floor	(-3.93, -0.36, -0.82)	
6.571925	Floor	(-4.16, -0.36, -0.80)	
6.585469	Floor	(-4.61, -0.36, -0.82)	
6.597222	Floor	(-4.77, -0.36, -0.68)	
6.609408	Floor	(-5.03, -0.36, -0.69)	
6.624257	Floor	(-5.00, -0.36, -0.67)	
6.636709	Floor	(-5.10, -0.36, -0.67)	
6.649707	Floor	(-5.13, -0.36, -0.67)	
6.662	Floor	(-5.11, -0.36, -0.58)	
6.676559	Floor	(-5.04, -0.36, -0.52)	
6.690026	Floor	(-4.87, -0.36, -0.45)	
6.702112	Floor	(-4.90, -0.36, -0.41)	
6.717335	Floor	(-5.10, -0.36, -0.48)	
6.730029	Floor	(-5.19, -0.36, -0.42)	
6.742115	Floor	(-5.19, -0.36, -0.56)	
6.75467	Floor	(-4.99, -0.36, -0.79)	
6.768187	Floor	(-4.73, -0.36, -1.39)	
6.77956	Floor	(-4.55, -0.36, -1.63)	
6.790623	Floor	(-3.71, -0.36, -1.93)	
6.803738	Floor	(-3.53, -0.36, -2.06)	
6.815776	Floor	(-3.18, -0.36, -2.28)	
6.82843	Floor	(-3.67, -0.36, -2.30)	
6.840369	Floor	(-3.86, -0.36, -2.43)	
6.854192	Floor	(-3.86, -0.36, -2.49)	
6.872655	Floor	(-3.82, -0.36, -2.49)	
6.886667	Floor	(-3.82, -0.36, -2.47)	
6.898016	Floor	(-3.80, -0.36, -2.50)	
6.91009	Floor	(-3.79, -0.36, -2.47)	
6.921786	Floor	(-3.75, -0.36, -2.56)	
6.933465	Floor	(-3.66, -0.36, -2.54)	
6.945025	Floor	(-3.55, -0.36, -2.57)	
6.957319	Floor	(-3.62, -0.36, -2.63)	
6.971015	Floor	(-3.53, -0.36, -2.73)	
6.982966	Floor	(-3.47, -0.36, -2.79)	
6.994606	Floor	(-3.44, -0.36, -2.90)	
7.006796	Floor	(-3.38, -0.36, -2.83)	
7.022286	Floor	(-3.19, -0.36, -2.85)	
7.036955	Floor	(-2.80, -0.36, -2.85)	
7.048643	Floor	(-2.59, -0.36, -2.78)	
7.060327	Floor	(-2.72, -0.36, -2.86)	
7.074361	Floor	(-3.03, -0.36, -3.16)	
7.088198	Floor	(-2.96, -0.36, -3.16)	
7.10383	Floor	(-2.94, -0.36, -3.16)	
7.12008	Floor	(-2.82, -0.36, -3.19)	
7.133442	Floor	(-2.74, -0.36, -3.13)	
7.14831	Floor	(-2.49, -0.36, -3.10)	
7.162681	Floor	(-2.03, -0.36, -2.78)	
7.181021	Floor	(-2.05, -0.36, -2.85)	
7.19264	Floor	(-2.03, -0.36, -3.05)	
7.205146	Floor	(-2.00, -0.36, -3.07)	
7.217701	Floor	(-1.75, -0.36, -2.98)	
7.22942	Floor	(-1.71, -0.36, -2.99)	
7.244341	Floor	(-1.58, -0.36, -3.00)	
7.257044	Floor	(-1.92, -0.36, -3.24)	
7.269766	Floor	(-1.95, -0.36, -3.47)	
7.281534	Floor	(-1.96, -0.36, -3.66)	
7.293569	Floor	(-1.91, -0.36, -3.50)	
7.305603	Floor	(-1.84, -0.36, -3.65)	
7.317619	Floor	(-1.74, -0.36, -3.59)	
7.333949	Floor	(-1.59, -0.36, -3.52)	
7.346244	Floor	(-1.52, -0.36, -3.55)	
7.358246	Floor	(-1.59, -0.36, -3.61)	
7.370252	Floor	(-1.54, -0.36, -3.64)	
7.384353	Floor	(-1.49, -0.36, -3.65)	
7.39909	Female01	(-1.68, 0.30, -1.97)	
7.410535	Female01	(-1.64, 0.35, -1.86)	
7.423333	Male03	(-1.64, 0.70, -0.86)	
7.435866	Male03	(-1.59, 0.71, -0.82)	
7.448917	Male03	(-1.58, 0.73, -0.82)	
7.462504	Male03	(-1.55, 0.70, -0.81)	
7.474576	Male03	(-1.56, 0.73, -0.81)	
7.490601	Male03	(-1.62, 0.75, -0.84)	
7.502527	Male03	(-1.63, 0.78, -0.84)	
7.517434	Male03	(-1.65, 0.79, -0.86)	
7.528646	Male03	(-1.64, 0.80, -0.86)	
7.540635	Male03	(-1.61, 0.79, -0.83)	
7.552917	Male03	(-1.60, 0.79, -0.82)	
7.566996	Male03	(-1.63, 0.80, -0.85)	
7.580284	Male03	(-1.60, 0.82, -0.83)	
7.592527	Male03	(-1.58, 0.82, -0.82)	
7.606231	Male03	(-1.60, 0.82, -0.82)	
7.618588	Male03	(-1.61, 0.83, -0.83)	
7.632221	Male03	(-1.61, 0.84, -0.83)	
7.650939	Male03	(-1.48, 0.79, -0.80)	
7.667663	Male01	(-0.64, 0.22, -1.94)	
7.680102	Male01	(-0.60, 0.24, -1.86)	
7.692266	Male01	(-0.62, 0.27, -1.86)	
7.704082	Male01	(-0.64, 0.28, -1.87)	
7.717417	Floor	(0.04, -0.36, -3.56)	
7.729393	Male01	(-0.66, 0.28, -1.90)	
7.742758	Male01	(-0.68, 0.31, -1.91)	
7.755233	Male01	(-0.66, 0.28, -1.90)	
7.769616	Floor	(-0.05, -0.36, -3.69)	
7.782538	Male03	(-1.38, 0.76, -0.84)	
7.797601	Floor	(-0.09, -0.36, -3.42)	
7.811568	Floor	(0.02, -0.36, -3.02)	
7.825683	Floor	(-0.11, -0.36, -3.50)	
7.838325	Floor	(-0.12, -0.36, -3.40)	
7.851575	Floor	(-0.12, -0.36, -3.41)	
7.864804	Floor	(-0.07, -0.36, -3.45)	
7.875894	Floor	(-0.08, -0.36, -3.38)	
7.888188	Floor	(0.00, -0.36, -3.18)	
7.902835	Floor	(0.10, -0.36, -2.91)	
7.91727	Floor	(0.15, -0.36, -2.87)	
7.929686	Floor	(0.14, -0.36, -2.75)	
7.941351	Floor	(0.20, -0.36, -2.52)	
7.95837	Floor	(0.17, -0.36, -2.43)	
7.970838	Female03	(-0.70, 0.40, -0.99)	
7.982487	Female03	(-0.70, 0.43, -1.02)	
7.994003	Female03	(-0.70, 0.40, -1.00)	
8.005936	Female03	(-0.69, 0.36, -0.97)	
8.018776	Female03	(-0.65, 0.43, -0.87)	
8.033302	Floor	(0.29, -0.36, -1.71)	
8.045861	Floor	(0.49, -0.36, -1.79)	
8.058968	Floor	(0.17, -0.36, -1.35)	
8.071712	Floor	(0.14, -0.36, -1.35)	
8.085557	Floor	(0.35, -0.36, -1.49)	
8.098824	Floor	(0.27, -0.36, -1.42)	
8.113735	Floor	(0.29, -0.36, -1.35)	
8.125633	Floor	(0.31, -0.36, -1.22)	
8.139324	Floor	(0.31, -0.36, -1.16)	
8.151279	Floor	(0.33, -0.36, -1.17)	
8.163357	Floor	(0.30, -0.36, -1.16)	
8.174827	Floor	(0.32, -0.36, -1.19)	
8.187431	Floor	(0.33, -0.36, -1.18)	
8.198716	Floor	(0.32, -0.36, -1.19)	
8.211586	Floor	(0.29, -0.36, -1.16)	
8.224208	Floor	(0.28, -0.36, -1.16)	
8.23765	Floor	(0.28, -0.36, -1.19)	
8.253808	Floor	(0.31, -0.36, -1.28)	
8.273137	Floor	(0.24, -0.36, -1.38)	
8.289912	Floor	(0.22, -0.36, -1.36)	
8.303185	Floor	(0.21, -0.36, -1.38)	
8.315418	Floor	(0.26, -0.36, -1.36)	
8.327324	Floor	(0.28, -0.36, -1.37)	
8.339294	Floor	(0.26, -0.36, -1.34)	
8.352398	Floor	(0.28, -0.36, -1.28)	
8.364408	Floor	(0.25, -0.36, -1.24)	
8.376426	Floor	(0.26, -0.36, -1.33)	
8.390761	Floor	(0.23, -0.36, -1.33)	
8.402653	Floor	(0.25, -0.36, -1.33)	
8.415251	Floor	(0.25, -0.36, -1.30)	
8.430754	Floor	(0.27, -0.36, -1.32)	
8.443756	Floor	(0.24, -0.36, -1.30)	
8.455491	Floor	(0.28, -0.36, -1.35)	
8.468036	Floor	(0.40, -0.36, -1.17)	
8.480867	Floor	(0.38, -0.36, -1.10)	
8.49392	Floor	(0.36, -0.36, -1.20)	
8.511663	Floor	(0.46, -0.36, -1.02)	
8.523335	Floor	(0.49, -0.36, -0.80)	
8.535023	Floor	(0.55, -0.36, -0.76)	
8.546871	Floor	(0.54, -0.36, -0.73)	
8.560625	Floor	(0.57, -0.36, -0.73)	
8.5744	Floor	(0.58, -0.36, -0.74)	
8.591144	Floor	(0.61, -0.36, -0.77)	
8.603935	Floor	(0.61, -0.36, -0.75)	
8.616299	Floor	(0.65, -0.36, -0.76)	
8.628919	Floor	(0.63, -0.36, -0.78)	
8.641097	Floor	(0.96, -0.36, -1.74)	
8.654559	Floor	(1.33, -0.36, -2.43)	
8.668024	Female03	(-0.67, 0.91, -0.90)	
8.68047	Female03	(-0.68, 1.07, -0.91)	
8.69234	Male01	(-0.37, 1.13, -1.85)	
8.706201	Male01	(-0.54, 1.31, -1.80)	
8.719115	Male01	(-0.61, 1.37, -1.83)	
8.730482	Male01	(-0.58, 1.37, -1.82)	
8.74848	Male01	(-0.69, 1.33, -1.96)	
8.761056	Male01	(-0.69, 1.36, -1.95)	
8.772958	Male01	(-0.68, 1.35, -1.91)	
8.786859	Male01	(-0.69, 1.35, -1.93)	
8.800527	Male01	(-0.69, 1.38, -1.95)	
8.815612	Male01	(-0.68, 1.42, -1.91)	
8.827687	Male01	(-0.70, 1.43, -1.97)	
8.843502	Male01	(-0.69, 1.44, -1.92)	
8.855105	Male01	(-0.69, 1.46, -1.94)	
8.866584	Male01	(-0.68, 1.49, -1.92)	
8.879056	Male01	(-0.69, 1.56, -1.96)	
8.892763	Male01	(-0.69, 1.53, -1.93)	
8.909648	Male01	(-0.65, 1.57, -1.86)	
8.921966	Male01	(-0.63, 1.59, -1.85)	
8.936806	Male01	(-0.66, 1.66, -1.88)	
8.949038	Male01	(-0.66, 1.63, -1.88)	
8.960892	Male01	(-0.67, 1.68, -1.89)	
8.97288	Male01	(-0.68, 1.71, -1.91)	
8.985286	Male01	(-0.68, 1.77, -1.91)	
8.997915	Male01	(-0.67, 1.81, -1.90)	
9.009853	Male01	(-0.69, 1.84, -1.93)	
9.02215	Male01	(-0.70, 1.88, -1.98)	
9.035229	Male01	(-0.65, 1.91, -1.88)	
9.047089	Male01	(-0.66, 1.92, -1.90)	
9.062648	Male01	(-0.66, 1.95, -1.93)	
9.074523	Male01	(-0.67, 1.94, -1.95)	
9.087142	Male01	(-0.66, 1.94, -1.91)	
9.100769	Male01	(-0.67, 1.88, -1.90)	
9.114816	Male01	(-0.60, 1.76, -1.82)	
9.126403	Wall_Front	(7.52, 1.49, -14.46)	
9.138124	Female03	(-0.70, 1.55, -0.98)	
9.151292	Female03	(-0.54, 1.37, -0.80)	
9.164229	Female03	(-0.53, 1.35, -0.80)	
9.177189	Female03	(-0.59, 1.36, -0.82)	
9.18929	Female03	(-0.58, 1.35, -0.82)	
9.20131	Female03	(-0.53, 1.32, -0.80)	
9.217572	Female03	(-0.51, 1.30, -0.80)	
9.229912	Female03	(-0.55, 1.30, -0.81)	
9.241386	Female03	(-0.52, 1.28, -0.80)	
9.255625	Female03	(-0.47, 1.27, -0.80)	
9.268405	Female03	(-0.48, 1.22, -0.80)	
9.280093	Female03	(-0.46, 1.21, -0.80)	
9.291903	Female03	(-0.58, 1.20, -0.82)	
9.305599	Female03	(-0.61, 1.16, -0.83)	
9.319336	Female03	(-0.53, 1.13, -0.80)	
9.332526	Female03	(-0.62, 1.12, -0.84)	
9.344657	Female03	(-0.60, 1.12, -0.83)	
9.356894	Female03	(-0.68, 1.03, -0.91)	
9.372507	Female03	(-0.69, 1.04, -0.95)	
9.384819	Floor	(-0.01, -0.36, -2.29)	
9.40115	Floor	(-0.10, -0.36, -2.19)	
9.416256	Floor	(-1.52, -0.36, -0.91)	
9.42997	Female03	(-0.70, 0.95, -0.96)	
9.444804	Floor	(2.92, -0.36, -6.69)	
9.470046	Floor	(2.26, -0.36, -5.85)	
